3	261	300
9	304	241
21	288	225
57	142	286
67	142	245
74	304	591
82	184	268
130	272	555
169	229	512
172	116	170
216	207	305
226	207	569
270	85	300
319	272	651
328	156	373
345	114	371
346	175	452
366	308	358
375	272	56
411	332	368
416	272	294
420	169	332
426	225	332
440	196	459
461	211	329
470	277	218
495	190	457
534	307	343
545	126	462
551	283	291
588	113	634
591	175	557
611	274	559
629	81	269
652	61	44
657	90	339
683	240	494
685	300	55
693	205	466
706	148	479
731	62	486
734	304	412
758	284	169
778	90	608
778	89	609
800	218	358
833	310	398
845	248	319
852	303	251
860	206	271
872	292	227
876	215	291
885	175	566
906	168	283
926	302	273
934	280	240
947	71	544
964	289	266
976	93	487
981	120	500
997	200	452
1017	294	15
1035	160	502
1043	131	262
1074	147	373
1091	219	432
1106	317	359
1107	256	315
1135	121	466
1140	183	401
1158	239	234
1166	211	453
1187	188	566
1199	152	378
1210	152	369
1233	297	306
1262	309	296
1266	232	350
1269	256	249
1281	282	620
1293	296	28
1296	88	276
1302	296	49
1323	144	497
1329	143	396
1356	304	265
1395	74	634
1402	42	423
1433	172	376
1445	213	381
1445	81	574
1471	284	298
1490	274	379
1513	302	394
1514	213	464
1549	92	371
1558	292	76
1562	252	381
1578	213	381
1604	68	434
1629	309	296
1642	46	352
1649	290	131
1665	16	171
1671	169	332
1673	302	370
1688	274	544
1710	118	366
1739	88	276
1753	257	615
1762	156	363
1768	283	282
1786	279	477
1798	110	511
1805	53	66
1820	332	396
1826	141	504
1835	246	361
1842	215	572
1854	114	378
1859	309	331
1891	298	204
1893	72	608
1900	85	337
1936	329	336
1939	319	435
1954	151	368
1998	288	332
2023	115	626
2037	81	495
2041	106	611
2041	82	386
2051	264	340
2052	313	194
2060	94	393
2067	19	294
2082	207	495
2093	91	521
2121	58	601
2121	56	491
2123	61	653
2161	277	179
2175	330	600
2241	44	288
2275	232	648
2292	27	28
2298	261	149
2328	257	596
2359	279	204
2359	278	204
2361	207	495
2377	291	274
2386	306	268
2387	43	92
2387	323	497
2414	199	342
2472	133	364
2491	148	324
2509	211	453
2561	321	493
2568	290	357
2571	273	81
2641	254	306
2643	146	342
2647	144	497
2662	167	496
2721	300	406
2761	117	345
2764	109	296
2775	60	534
2814	105	392
2821	304	412
2823	292	227
2827	88	376
2833	322	566
2837	272	490
2867	244	441
2896	36	391
2949	146	240
2957	313	357
2972	309	331
2983	264	340
2986	137	497
2994	268	110
3023	90	296
3027	55	159
3040	206	476
3045	158	395
3048	183	583
3051	263	84
3102	306	459
3131	313	451
3148	31	579
3166	14	594
3181	96	353
3199	268	254
3222	60	618
3230	136	482
3241	160	502
3250	68	651
3295	320	440
3305	291	366
3317	198	460
3324	148	315
3337	234	274
3369	187	559
3407	151	611
3411	190	652
3415	106	277
3441	96	475
3446	15	36
3455	155	344
3474	188	471
3477	34	413
3521	241	247
3522	73	601
3529	276	76
3530	223	553
3547	228	341
3556	8	484
3556	8	483
3587	55	44
3607	144	309
3638	110	511
3642	255	602
3652	299	36
3652	301	45
3654	298	16
3666	142	447
3668	158	632
3705	256	327
3707	168	324
3708	307	277
3722	165	483
3750	235	520
3758	155	38
3775	309	331
3788	201	484
3803	247	75
3820	274	161
3842	106	340
3853	199	567
3862	263	624
3870	297	306
3871	315	382
3884	150	346
3891	5	158
3895	93	89
3898	83	565
3901	253	296
3928	113	634
3943	221	300
3960	94	379
4007	163	300
4046	250	271
4060	119	377
4064	237	583
4069	272	490
4073	52	20
4089	265	123
4092	112	343
4112	210	379
4119	91	269
4185	216	590
4213	194	330
4224	315	382
4224	306	384
4235	203	528
4250	199	513
4263	350	447
4314	169	332
4375	267	464
4396	307	476
4403	228	390
4405	125	488
4426	240	646
4434	284	542
4434	275	554
4438	349	406
4439	224	262
4454	218	486
4476	61	484
4485	300	55
4514	287	341
4546	80	261
4568	128	508
4613	273	600
4634	269	387
4673	299	236
4697	152	309
4792	128	596
4793	299	236
4802	276	431
4807	323	69
4819	44	495
4820	152	500
4837	259	380
4847	182	458
4854	46	45
4880	251	573
4880	252	572
4901	290	131
4910	80	506
4912	147	250
4929	43	92
4938	178	296
4940	178	473
4993	339	390
4993	117	387
5001	289	113
5050	84	396
5052	188	566
5056	91	534
5063	265	347
5100	235	520
5113	211	329
5131	152	509
5134	300	406
5139	66	601
5139	63	491
5139	65	544
5142	341	285
5180	251	368
5180	252	381
5198	234	375
5213	296	175
5217	23	160
5226	39	498
5261	81	269
5265	151	368
5285	261	21
5295	254	555
5305	349	406
5322	290	258
5343	241	350
5350	46	45
5353	259	367
5428	288	505
5438	291	25
5438	239	234
5443	89	105
5473	52	20
5481	145	332
5491	168	400
5516	150	357
5548	213	464
5570	332	396
5609	197	354
5612	50	390
5623	224	648
5623	205	652
5623	223	649
5639	206	282
5696	190	272
5711	71	635
5718	198	394
5786	274	93
5811	106	277
5819	249	256
5824	194	380
5877	111	247
5894	64	26
5917	168	324
5926	151	432
5939	215	572
5946	16	171
5979	241	247
5979	47	362
6017	212	505
6019	213	561
6019	212	559
6045	66	245
6089	280	240
6103	280	240
6104	231	295
6124	64	332
6128	242	567
6136	275	591
6162	142	245
6180	185	256
6184	80	506
6198	264	29
6216	302	394
6219	297	331
6229	82	41
6241	349	424
6265	281	262
6301	300	468
6315	273	309
6326	158	632
6356	323	467
6361	291	25
6385	319	555
6391	188	603
6396	152	242
6402	317	451
6428	212	493
6437	301	378
6442	209	289
6448	106	277
6475	345	322
6579	170	606
6588	289	348
6591	310	366
6605	91	534
6636	55	44
6660	198	460
6687	128	29
6698	299	226
6708	266	360
6726	93	89
6726	123	637
6741	32	397
6759	167	496
6774	112	266
6785	143	396
6795	25	174
6809	50	390
6810	240	565
6821	257	596
6830	77	617
6837	276	327
6849	146	619
6913	276	55
7001	101	340
7007	109	387
7010	78	25
7024	150	346
7025	17	588
7027	285	113
7030	238	262
7049	95	591
7113	249	349
7115	265	327
7197	256	249
7233	154	318
7242	252	376
7312	91	400
7324	69	596
7360	246	603
7375	256	249
7376	283	282
7393	292	393
7427	261	62
7432	277	218
7437	188	484
7488	284	381
7495	276	55
7500	272	294
7553	213	561
7559	10	167
7609	85	337
7636	213	295
7641	113	282
7652	269	228
7663	112	561
7683	221	508
7695	292	393
7713	246	381
7755	48	366
7770	84	480
7772	170	389
7774	41	423
7784	266	39
7834	297	231
7857	139	467
7861	129	471
7909	258	353
7919	162	509
7932	111	338
7957	61	643
7986	80	261
7993	281	395
8000	237	310
8011	17	58
8041	297	306
8065	299	162
8091	258	389
8104	292	289
8163	252	500
8169	16	156
8249	279	461
8290	74	189
8351	17	344
8365	277	549
8380	305	85
8400	270	236
8418	152	252
8502	129	343
8537	64	26
8546	81	593
8588	287	341
8652	92	407
8698	274	93
8701	65	544
8706	301	531
8718	234	375
8738	268	306
8772	198	434
8795	160	264
8795	160	265
8815	223	566
8816	69	505
8818	299	191
8833	159	388
8834	77	617
8879	205	558
8882	328	449
8937	255	602
8939	81	495
8943	272	256
8955	152	515
8994	283	291
9008	197	354
9017	67	539
9022	80	537
9075	291	119
9082	111	483
9118	282	620
9141	129	343
9147	290	357
9148	277	343
9150	270	270
9219	305	292
9228	91	521
9260	300	468
9275	170	260
9290	151	368
9315	90	339
9353	278	376
9383	223	559
9386	259	380
9418	136	254
9421	120	613
9431	60	563
9441	117	355
9441	86	362
9455	205	446
9490	168	324
9515	275	49
9529	218	336
9566	114	553
9594	152	401
9615	288	236
9645	276	76
9649	157	614
9679	281	40
9755	147	304
9780	297	331
9834	112	609
9859	300	406
9865	151	298
9878	316	423
9897	136	254
9903	188	471
9915	97	262
9936	112	363
9942	311	342
9969	282	372
9982	65	544
