19	130	394
27	262	62
30	100	652
60	114	716
79	59	691
99	245	286
133	136	426
148	321	301
152	268	667
159	128	430
174	40	695
228	186	687
249	48	123
272	32	131
278	56	66
280	138	665
288	297	42
335	280	736
342	272	632
353	271	286
360	24	139
374	135	376
377	250	505
377	250	505
381	29	449
389	258	245
394	225	698
406	216	626
413	327	730
413	59	96
413	327	731
439	84	685
476	190	507
482	83	710
486	302	654
490	38	508
501	171	609
519	318	62
522	249	47
548	296	583
577	187	512
585	35	477
610	200	348
614	248	75
614	290	581
622	183	613
653	174	425
653	174	425
655	104	716
660	261	313
671	196	626
682	201	307
692	242	730
707	115	739
711	170	441
728	215	443
765	328	499
766	190	464
780	160	327
803	295	723
839	250	644
842	75	726
846	252	712
848	22	446
853	44	494
881	209	452
884	303	579
897	30	511
901	277	91
936	324	723
946	68	701
954	34	747
987	116	650
991	104	734
991	153	701
1015	143	308
1029	63	626
1076	164	423
1077	276	675
1081	120	734
1081	120	725
1087	271	286
1096	209	484
1109	184	457
1113	178	472
1137	149	730
1155	241	541
1168	64	89
1168	331	722
1181	215	732
1186	245	208
1204	19	645
1234	230	727
1246	36	489
1251	107	483
1308	154	488
1309	215	732
1309	226	731
1310	332	735
1312	178	472
1324	264	248
1384	44	500
1391	31	312
1399	268	256
1402	41	202
1411	139	335
1437	295	227
1466	299	589
1489	140	363
1497	68	629
1499	259	670
1507	52	406
1531	129	707
1535	282	75
1603	166	582
1610	246	39
1614	139	377
1615	203	507
1625	225	418
1636	207	272
1642	203	733
1741	266	710
1767	274	577
1771	62	32
1801	256	704
1802	168	692
1812	215	732
1840	14	436
1880	38	471
1884	184	663
1901	77	589
1908	54	83
1952	187	698
1961	204	642
1961	51	545
1966	208	469
1988	185	546
2001	40	496
2006	50	414
2022	78	534
2048	69	426
2052	248	585
2054	41	300
2058	28	331
2078	330	70
2079	104	693
2087	24	139
2114	172	670
2127	75	705
2149	246	299
2155	296	735
2169	26	110
2177	215	721
2187	81	663
2196	40	695
2197	158	694
2201	179	329
2264	65	695
2270	271	250
2279	177	342
2287	41	118
2329	153	629
2345	71	644
2354	299	600
2358	31	496
2367	43	703
2369	230	706
2414	258	731
2454	247	656
2463	172	320
2488	274	603
2504	195	294
2542	39	332
2558	236	605
2564	255	455
2564	170	524
2612	73	713
2619	185	492
2644	262	349
2647	215	443
2651	32	722
2666	60	617
2667	191	660
2667	191	660
2676	176	50
2703	144	715
2737	236	605
2748	237	350
2767	237	624
2778	241	352
2780	79	292
2793	272	341
2807	177	594
2836	260	717
2843	30	436
2853	19	330
2854	271	79
2856	216	626
2872	182	712
2878	298	60
2904	255	83
2905	42	738
2914	147	330
2919	208	509
2926	178	678
2938	166	397
2951	196	687
2968	30	511
2978	323	694
2982	251	247
2987	34	747
2993	37	502
3000	253	360
3028	169	471
3042	209	522
3046	146	317
3050	209	369
3051	70	56
3109	264	57
3129	229	665
3133	70	40
3135	329	387
3141	276	675
3181	213	709
3194	35	430
3198	239	340
3217	55	38
3231	185	546
3236	28	421
3281	326	280
3288	209	280
3292	104	726
3294	162	688
3326	277	91
3346	271	79
3361	231	733
3378	191	693
3388	231	733
3389	124	725
3422	206	661
3449	269	124
3451	272	720
3458	208	509
3494	215	428
3505	197	447
3529	320	701
3539	146	671
3563	63	626
3596	104	703
3617	176	715
3623	342	696
3626	199	633
3681	264	295
3693	46	175
3699	219	491
3700	226	579
3717	258	106
3721	230	297
3724	270	716
3727	46	662
3730	231	437
3736	43	483
3752	249	592
3766	134	728
3792	189	372
3800	176	715
3807	132	409
3820	186	404
3839	295	165
3881	200	320
3896	143	308
3901	218	705
3911	298	526
3911	231	437
3921	257	67
3926	176	50
3929	169	663
3940	226	579
3941	224	658
3956	201	355
3984	241	595
3985	212	657
4001	222	296
4005	16	203
4005	15	202
4016	33	287
4091	258	731
4094	221	735
4108	37	502
4124	62	32
4178	178	561
4210	255	652
4244	295	593
4279	268	332
4279	56	59
4283	320	158
4285	261	690
4285	148	708
4304	92	722
4314	188	709
4319	304	687
4361	181	695
4370	260	432
4389	170	292
4409	285	731
4425	24	301
4432	279	389
4435	143	708
4440	226	397
4455	302	654
4479	22	338
4488	181	638
4503	152	689
4523	45	349
4534	171	432
4561	194	283
4572	214	490
4592	189	491
4604	144	432
4637	127	664
4667	295	565
4685	326	280
4695	87	694
4702	11	722
4717	262	363
4724	51	545
4782	201	355
4790	218	705
4795	166	404
4816	200	443
4824	299	627
4825	210	331
4849	297	532
4853	338	727
4858	257	67
4861	327	727
4901	281	718
4903	219	713
4992	270	716
5007	245	442
5018	192	382
5042	257	379
5086	159	671
5091	12	595
5092	214	654
5094	48	115
5108	264	295
5130	239	340
5165	39	425
5167	149	459
5186	174	325
5197	224	330
5208	246	39
5221	44	494
5234	56	53
5235	32	131
5246	38	471
5262	258	731
5266	251	60
5266	167	277
5268	188	295
5282	31	312
5323	246	39
5344	35	725
5344	34	725
5349	72	390
5400	164	501
5424	242	304
5460	202	374
5490	141	342
5501	297	615
5537	144	726
5575	299	600
5594	156	176
5612	32	131
5617	74	696
5629	267	531
5633	299	265
5648	135	358
5654	245	208
5654	266	197
5654	213	332
5655	42	732
5655	32	125
5666	253	351
5692	147	580
5718	301	30
5719	154	723
5733	140	385
5741	57	321
5742	149	730
5745	208	650
5751	221	720
5759	50	339
5762	327	727
5765	158	694
5781	72	390
5826	167	277
5830	140	363
5873	209	463
5889	166	731
5891	250	640
5904	120	725
5904	225	714
5912	50	414
5924	312	641
5948	245	678
5950	165	495
5966	40	754
5976	253	360
6014	314	729
6014	41	95
6014	49	96
6030	245	286
6032	324	723
6036	176	688
6037	207	686
6064	160	354
6067	124	718
6070	268	580
6108	206	446
6115	120	734
6135	243	227
6172	212	413
6186	163	280
6187	192	382
6194	114	691
6213	155	714
6240	320	672
6260	241	352
6299	57	321
6307	249	47
6330	268	655
6346	95	666
6352	104	716
6354	90	683
6370	223	443
6393	234	464
6395	253	126
6408	206	530
6422	191	538
6429	321	301
6440	32	722
6448	188	719
6456	183	354
6463	240	698
6464	31	484
6471	253	731
6487	321	301
6507	302	701
6510	143	419
6532	218	695
6535	331	691
6551	169	362
6568	125	459
6600	304	687
6618	297	669
6658	172	320
6659	54	39
6661	65	695
6724	265	676
6746	33	451
6749	299	265
6751	315	59
6754	225	698
6756	272	720
6756	51	567
6764	188	719
6770	32	340
6828	264	628
6831	188	719
6832	155	714
6859	102	638
6867	179	452
6870	198	370
6893	104	703
6955	173	560
6979	229	470
7013	254	564
7027	124	706
7047	72	94
7062	239	340
7082	149	730
7103	63	64
7103	328	697
7106	278	593
7116	231	458
7128	134	437
7129	188	709
7152	198	662
7160	274	603
7167	43	715
7204	241	541
7214	280	736
7225	126	347
7238	207	496
7284	35	430
7309	197	717
7314	152	681
7328	120	682
7344	294	634
7358	235	413
7362	28	505
7365	38	448
7396	71	644
7416	324	479
7452	78	682
7467	304	659
7470	262	62
7512	170	634
7524	95	741
7526	225	714
7561	303	579
7601	240	316
7639	275	639
7644	144	731
7664	13	87
7678	149	459
7742	210	331
7750	36	710
7751	59	719
7755	94	525
7796	165	646
7810	14	35
7875	66	288
7886	249	686
7898	331	702
7899	49	245
7900	206	661
7907	208	730
7920	175	67
7931	152	607
7961	44	500
8049	101	677
8052	266	601
8066	305	177
8081	42	722
8086	136	426
8093	191	660
8116	266	41
8125	57	260
8128	208	724
8128	208	710
8128	208	710
8130	20	708
8139	169	663
8153	320	672
8169	111	625
8192	170	385
8200	134	437
8204	216	399
8235	142	398
8242	15	343
8261	284	703
8277	206	530
8284	114	701
8289	293	645
8298	260	330
8305	207	272
8320	191	693
8420	31	10
8425	196	700
8494	33	307
8553	324	479
8582	44	335
8603	43	436
8619	176	726
8681	57	731
8726	240	316
8744	128	692
8751	73	713
8792	280	545
8813	191	671
8814	83	639
8844	314	735
8863	160	663
8882	49	724
8918	81	663
8920	215	640
8924	56	440
8930	39	301
8936	59	351
8945	93	731
8949	190	507
8954	53	225
8955	157	570
8970	206	675
8990	71	252
8993	196	491
8999	56	362
9073	13	87
9083	216	337
9140	40	695
9141	261	610
9149	45	11
9170	142	398
9174	155	714
9178	176	602
9180	205	381
9211	295	565
9215	266	310
9323	208	642
9350	139	466
9380	56	305
9382	186	404
9419	153	397
9445	33	287
9489	295	568
9501	43	448
9516	266	594
9517	264	57
9533	252	712
9559	311	719
9581	205	471
9625	322	659
9639	281	718
9657	12	333
9682	222	296
9693	44	335
9694	278	698
9704	176	635
9736	5	768
9772	177	497
9772	57	250
9804	196	709
9814	271	657
9816	19	737
9900	45	23
9929	262	62
9949	143	702
