21	317	233
38	238	633
41	154	283
44	165	570
60	267	293
60	96	373
63	331	224
67	149	246
87	151	504
100	72	20
110	217	343
178	124	471
180	318	341
181	138	488
183	313	395
185	172	502
193	313	391
209	167	299
213	45	112
214	139	377
220	228	270
225	325	299
231	112	306
263	327	69
270	81	305
290	86	301
305	325	312
333	141	520
343	195	588
345	108	365
366	314	370
370	41	542
401	294	406
455	130	511
470	306	224
495	180	466
503	65	639
551	302	308
570	284	262
576	144	518
593	321	381
597	91	355
629	79	269
652	82	38
679	133	389
733	154	273
756	38	652
764	105	456
779	314	370
852	331	265
853	137	319
883	140	619
897	335	228
930	260	386
932	287	325
943	239	651
964	312	281
978	38	652
981	101	503
1002	198	343
1018	172	519
1020	97	260
1021	188	81
1033	153	251
1043	133	265
1047	329	372
1055	90	283
1057	311	472
1079	101	627
1079	101	627
1165	72	646
1175	113	360
1182	320	314
1233	316	326
1246	328	248
1275	328	230
1287	282	363
1297	172	519
1302	325	58
1315	63	23
1370	273	450
1383	230	506
1395	90	270
1398	49	22
1412	230	353
1431	38	178
1466	26	628
1522	151	504
1560	328	334
1569	257	644
1582	107	377
1638	302	172
1645	284	70
1663	305	484
1672	183	362
1681	102	378
1690	55	36
1690	37	290
1693	199	318
1713	92	682
1727	307	105
1733	202	593
1740	112	295
1753	237	667
1762	152	360
1773	123	403
1795	295	376
1805	74	58
1864	285	496
1868	151	489
1874	264	340
1881	303	87
1885	253	369
1891	333	209
1903	84	267
1910	333	266
1939	321	453
1946	129	683
1993	41	479
2009	306	93
2020	35	470
2023	84	639
2059	153	306
2064	148	246
2066	167	299
2088	328	248
2182	43	551
2275	160	683
2330	142	370
2358	334	241
2361	195	505
2363	178	352
2365	87	23
2375	153	568
2375	152	568
2376	266	301
2380	134	483
2387	84	267
2387	96	380
2391	237	667
2442	288	291
2449	154	329
2464	112	279
2476	101	274
2510	304	328
2544	328	230
2578	277	276
2588	159	334
2632	107	520
2656	298	439
2677	298	496
2726	239	638
2726	255	651
2775	32	591
2775	35	532
2777	231	382
2785	305	81
2791	44	559
2795	313	422
2809	262	375
2810	239	638
2821	306	427
2831	325	299
2852	149	257
2863	65	487
2918	265	555
2944	90	270
2944	90	270
2949	153	240
2983	275	292
2999	148	313
3020	312	255
3041	276	259
3049	254	354
3055	256	667
3103	148	357
3114	133	493
3120	113	349
3136	285	496
3138	128	363
3180	109	517
3204	259	397
3207	98	654
3285	296	392
3287	272	405
3293	41	348
3312	40	145
3324	149	324
3334	149	246
3335	289	268
3355	191	377
3461	255	651
3491	147	272
3498	328	454
3506	306	250
3530	205	569
3577	335	166
3580	314	71
3613	178	352
3656	96	512
3720	38	652
3734	238	633
3734	237	656
3763	296	467
3782	291	476
3805	101	627
3805	101	627
3873	124	378
3887	156	325
3924	294	127
4018	107	520
4020	149	26
4021	298	425
4024	145	292
4035	307	362
4061	95	301
4064	216	605
4108	260	240
4110	261	682
4123	319	440
4172	267	507
4178	346	184
4188	41	145
4193	176	403
4249	209	398
4264	153	341
4270	314	303
4272	77	681
4290	109	517
4301	217	306
4305	107	274
4320	25	681
4324	95	277
4356	102	361
4401	102	386
4404	258	297
4415	126	488
4483	307	362
4529	320	369
4542	86	371
4580	79	292
4583	154	283
4697	153	318
4715	86	395
4718	102	351
4737	178	411
4772	96	58
4776	154	348
4849	147	376
4857	216	292
4926	123	403
4938	183	307
4940	166	480
4961	262	361
4967	263	106
5001	327	83
5090	40	619
5121	161	502
5126	340	303
5139	36	602
5139	43	486
5163	275	474
5163	275	472
5195	322	171
5198	275	474
5203	72	657
5213	332	178
5221	137	319
5239	152	395
5249	264	623
5249	41	348
5261	79	269
5265	147	366
5272	322	171
5291	305	393
5306	87	402
5312	330	284
5322	266	301
5331	299	287
5334	239	336
5338	319	285
5356	39	614
5366	138	392
5423	41	378
5432	288	193
5443	279	152
5446	95	394
5449	195	318
5466	72	646
5480	276	285
5492	84	310
5507	265	507
5583	226	89
5624	139	330
5634	91	355
5660	172	519
5690	90	385
5741	329	383
5751	108	360
5754	270	528
5804	169	324
5816	267	282
5816	108	360
5819	268	266
5860	267	257
5907	88	52
5922	198	343
5968	108	301
5975	298	425
5987	327	372
6010	84	310
6081	156	325
6127	309	180
6163	90	306
6176	240	559
6213	87	360
6227	148	354
6265	303	275
6280	90	596
6320	149	324
6356	320	488
6378	261	498
6393	182	330
6396	340	52
6415	295	367
6428	200	505
6435	113	360
6436	306	224
6442	217	349
6464	333	252
6520	87	360
6549	185	584
6555	75	19
6555	145	400
6556	191	292
6559	258	297
6631	311	360
6640	300	33
6666	272	405
6687	152	31
6701	316	249
6702	148	313
6708	270	369
6723	188	81
6774	113	267
6823	345	203
6950	327	123
6996	99	354
7002	327	372
7007	245	682
7009	262	405
7012	139	377
7032	317	166
7041	321	406
7065	162	682
7065	200	620
7082	271	351
7103	302	109
7108	327	69
7108	327	83
7110	215	318
7165	148	357
7172	303	398
7192	312	290
7226	293	487
7234	325	290
7262	276	259
7286	243	364
7292	281	392
7310	101	312
7312	104	37
7323	185	468
7333	257	644
7333	256	667
7386	260	240
7432	306	224
7435	323	355
7435	153	370
7465	43	495
7491	191	292
7545	327	123
7563	337	300
7578	79	287
7582	345	353
7583	276	259
7593	330	411
7607	306	427
7630	124	378
7649	317	233
7653	48	96
7677	34	561
7682	113	370
7695	254	354
7709	329	410
7728	163	394
7756	336	299
7758	337	85
7761	102	361
7782	318	426
7786	262	361
7867	133	483
7903	166	335
7966	143	318
8021	276	285
8023	232	314
8029	330	237
8029	327	124
8031	104	655
8032	154	348
8036	212	325
8041	316	326
8054	144	337
8067	38	178
8076	144	337
8091	270	396
8103	140	619
8137	152	31
8140	329	316
8182	102	378
8192	147	647
8209	306	163
8217	59	52
8220	101	312
8235	264	340
8245	285	520
8254	307	362
8324	113	349
8336	311	343
8347	86	301
8356	308	590
8415	137	273
8419	110	501
8443	310	143
8498	319	285
8510	304	328
8577	318	147
8585	320	488
8591	41	201
8592	139	358
8663	342	114
8740	264	623
8753	300	33
8764	187	342
8788	185	584
8795	166	273
8816	46	503
8818	335	195
8830	316	326
8836	195	588
8870	187	502
8873	318	404
8878	239	651
8911	201	352
8912	312	451
8925	262	405
8946	329	316
8987	268	266
8994	302	308
8994	302	308
9052	81	351
9076	197	263
9101	311	360
9107	340	88
9112	90	283
9113	177	376
9189	308	381
9207	97	260
9229	172	502
9259	326	264
9277	139	358
9302	331	295
9303	86	371
9310	41	201
9347	306	45
9350	253	369
9353	286	341
9364	187	342
9412	89	624
9419	305	412
9443	141	498
9455	198	455
9455	198	455
9477	111	677
9515	302	57
9559	149	26
9577	166	335
9607	258	297
9678	85	395
9700	136	443
9711	306	45
9737	296	392
9755	148	313
9787	243	295
9815	165	366
9821	308	553
9821	38	611
9823	86	278
9895	36	674
9973	27	652
9973	29	621
9996	70	519
