22	264	755
24	203	660
45	268	700
57	258	421
75	6	146
92	327	80
97	305	382
98	137	41
103	306	307
112	228	431
126	311	366
131	294	373
132	117	336
135	279	531
136	308	92
140	26	464
140	20	703
142	154	359
144	215	475
171	132	578
173	305	720
199	303	353
202	226	397
205	323	265
225	307	359
226	191	664
265	295	337
308	150	418
313	49	525
330	143	445
332	115	581
337	198	779
337	326	437
343	200	668
345	117	447
347	298	115
403	37	66
410	207	474
411	319	464
419	202	589
425	173	551
426	301	181
443	271	287
444	19	474
455	136	598
468	291	446
480	301	376
481	54	758
511	90	719
517	50	622
517	53	587
569	114	736
572	233	458
588	76	731
595	101	627
598	204	669
610	69	22
629	87	337
630	91	720
630	90	719
649	190	555
652	75	52
698	288	536
716	99	437
716	98	428
717	78	744
723	188	380
744	258	329
774	155	711
779	296	450
802	100	449
802	99	437
811	61	602
833	296	499
843	203	347
845	152	390
877	191	664
886	229	548
926	308	348
927	196	69
957	198	590
958	23	686
989	130	564
994	280	444
1046	324	247
1050	62	654
1053	309	80
1054	101	627
1073	21	657
1086	307	359
1120	279	423
1124	232	412
1137	97	418
1152	148	444
1166	204	548
1186	323	132
1187	172	660
1192	148	588
1193	152	430
1207	307	647
1213	75	696
1213	268	586
1228	297	89
1232	301	449
1244	99	789
1263	282	508
1265	301	376
1281	173	474
1285	145	465
1295	175	749
1305	132	743
1321	283	343
1324	147	450
1328	120	463
1349	73	585
1349	70	661
1350	296	338
1358	116	600
1373	273	402
1394	299	303
1408	100	449
1414	301	110
1416	269	624
1424	152	313
1452	283	343
1471	284	376
1496	68	495
1511	207	474
1551	267	490
1562	248	436
1577	122	390
1582	117	457
1583	289	440
1610	273	36
1634	11	365
1650	332	60
1673	185	158
1697	311	53
1702	15	258
1710	120	440
1713	94	758
1728	304	432
1762	157	434
1772	282	461
1773	114	550
1779	268	460
1790	78	722
1791	286	367
1805	66	74
1809	75	52
1838	172	450
1851	320	226
1856	159	157
1867	147	330
1918	211	597
1932	62	185
1934	265	757
1942	194	338
1997	271	508
1998	277	413
2010	146	346
2011	295	405
2022	135	435
2027	119	738
2028	311	231
2034	156	575
2050	307	341
2084	335	290
2100	239	671
2101	130	568
2105	289	491
2107	264	755
2107	265	757
2126	60	694
2126	59	681
2126	64	579
2146	340	29
2161	289	275
2165	302	34
2188	44	200
2188	45	200
2194	203	347
2228	143	34
2240	335	549
2275	148	753
2283	305	611
2292	39	34
2319	156	417
2330	148	444
2336	259	695
2341	208	27
2350	292	367
2355	298	480
2356	288	429
2365	80	33
2378	139	608
2392	40	756
2398	308	271
2398	292	461
2449	156	397
2463	305	611
2476	299	406
2479	289	440
2483	103	758
2509	204	548
2516	323	265
2538	60	642
2538	64	568
2538	64	556
2538	65	529
2566	324	105
2578	261	443
2590	193	350
2603	50	647
2620	177	603
2650	203	347
2659	114	430
2685	310	378
2729	308	41
2732	304	250
2738	95	442
2744	72	762
2761	119	418
2764	115	368
2770	338	107
2781	300	315
2811	55	115
2820	50	267
2827	90	451
2829	115	581
2837	275	400
2853	145	427
2878	176	478
2878	296	509
2893	217	433
2902	257	357
2912	21	718
2912	26	471
2912	330	603
2919	57	392
2928	259	653
2941	288	429
2963	271	452
2976	328	51
2978	304	87
2983	264	356
2991	156	589
2998	153	661
3012	93	57
3045	194	338
3050	52	466
3068	286	403
3114	208	584
3226	121	391
3232	173	159
3238	277	284
3247	326	474
3258	152	164
3282	82	762
3292	104	432
3295	16	686
3318	329	595
3324	150	393
3326	287	504
3343	94	723
3354	333	671
3366	330	111
3374	327	80
3391	301	370
3410	57	137
3441	145	657
3454	54	639
3454	56	601
3457	296	555
3475	306	307
3563	292	68
3563	93	73
3596	107	464
3600	101	647
3601	43	641
3605	244	484
3607	147	387
3622	20	421
3622	20	421
3634	133	371
3637	150	595
3638	100	600
3640	104	349
3693	305	720
3696	170	675
3702	232	412
3703	143	340
3708	313	354
3718	302	34
3726	104	579
3784	188	442
3786	118	75
3800	171	411
3810	170	652
3840	176	588
3860	194	61
3873	324	40
3899	45	223
3910	86	751
3930	322	159
3939	327	92
3946	157	459
3949	88	436
3960	96	455
3961	291	558
3964	296	509
3999	204	35
4002	147	319
4003	323	403
4028	322	159
4032	305	620
4035	204	51
4035	194	44
4035	194	44
4046	60	190
4064	170	367
4065	152	462
4081	304	574
4092	113	417
4117	222	185
4131	24	42
4211	148	483
4215	322	31
4279	222	195
4283	26	398
4301	136	598
4315	255	450
4316	119	723
4316	117	730
4335	40	731
4336	191	370
4337	303	396
4340	152	334
4349	228	388
4355	308	92
4400	14	464
4430	145	465
4471	70	621
4500	164	576
4512	275	400
4518	155	376
4552	107	464
4566	295	324
4600	198	392
4600	197	433
4605	109	751
4605	108	752
4607	93	57
4623	333	433
4635	82	640
4664	152	462
4690	44	200
4697	152	324
4704	305	720
4780	222	195
4793	312	302
4797	333	475
4804	312	302
4820	142	593
4834	145	427
4845	44	200
4849	151	450
4876	276	324
4889	170	367
4905	147	319
4907	109	378
4911	332	85
4917	55	681
4925	120	21
4951	139	359
4951	339	663
4953	150	595
5095	268	527
5114	278	285
5121	165	586
5124	174	721
5145	94	723
5159	58	213
5161	168	565
5166	259	408
5180	248	436
5235	155	711
5252	143	340
5258	21	625
5293	43	116
5297	282	508
5312	269	616
5325	269	426
5354	216	38
5372	303	228
5412	318	118
5424	171	411
5427	188	71
5433	328	66
5456	301	287
5465	347	658
5489	260	455
5501	305	290
5512	299	503
5514	11	722
5515	152	430
5517	320	272
5523	47	126
5538	202	54
5543	202	43
5543	196	52
5543	202	59
5545	196	69
5559	339	62
5587	42	80
5597	183	661
5602	202	582
5618	58	702
5618	59	662
5618	59	622
5619	139	608
5642	54	721
5642	54	722
5647	50	638
5648	48	718
5691	303	353
5703	42	135
5703	114	736
5707	325	31
5734	58	213
5755	176	478
5761	20	773
5766	86	330
5778	60	567
5780	106	452
5783	318	30
5784	54	573
5784	54	549
5784	55	534
5813	168	348
5815	328	66
5860	257	319
5868	142	558
5869	130	564
5885	254	422
5900	220	471
5900	120	481
5913	290	39
5925	264	693
5949	296	386
5996	301	181
6029	248	429
6031	321	112
6032	321	112
6034	180	565
6039	161	165
6043	94	436
6073	263	594
6088	135	30
6088	141	485
6097	109	433
6105	293	108
6124	324	502
6134	44	6
6137	46	586
6137	7	478
6154	311	283
6190	72	598
6196	178	299
6198	139	429
6215	149	406
6243	114	550
6245	56	601
6245	60	567
6251	20	54
6277	289	275
6299	38	192
6301	82	762
6301	229	548
6316	238	702
6320	150	393
6321	296	386
6334	106	334
6363	56	509
6385	42	135
6414	86	751
6420	112	457
6449	161	181
6469	104	579
6479	123	322
6506	275	400
6507	327	92
6528	308	348
6583	208	561
6597	104	432
6615	117	336
6625	152	313
6662	53	86
6674	148	554
6685	71	637
6701	300	315
6735	79	348
6753	186	757
6762	271	471
6791	155	466
6818	311	129
6855	54	758
6856	266	595
6860	230	589
6865	296	450
6896	46	191
6898	73	678
6937	306	373
6944	206	560
6968	69	22
6979	54	721
6979	54	722
7001	102	415
7010	96	32
7025	322	616
7025	330	627
7032	142	558
7040	107	343
7042	189	359
7057	155	483
7065	333	448
7095	188	423
7111	98	428
7113	248	429
7142	269	731
7153	56	525
7153	304	560
7153	54	565
7162	302	250
7186	332	326
7193	299	303
7198	82	44
7221	50	359
7245	46	766
7253	254	467
7263	309	295
7268	115	61
7287	109	685
7304	324	40
7339	25	329
7339	23	318
7375	264	323
7400	148	588
7406	109	433
7411	165	586
7437	179	579
7441	269	755
7465	228	284
7479	280	486
7479	64	593
7481	287	330
7563	159	173
7616	103	585
7620	143	34
7637	256	334
7642	96	523
7648	56	353
7656	52	229
7664	204	462
7674	287	330
7687	225	359
7713	84	450
7754	143	358
7762	198	747
7774	87	789
7774	6	117
7798	280	454
7819	44	145
7819	44	145
7832	272	380
7870	147	319
7897	297	329
7954	142	323
7995	313	105
8063	226	338
8065	286	28
8083	298	480
8102	218	401
8105	207	474
8116	304	250
8119	320	233
8120	311	13
8128	104	442
8131	93	57
8150	47	126
8159	269	616
8161	188	442
8166	41	127
8175	279	531
8195	305	720
8213	307	647
8220	109	378
8253	33	30
8272	239	344
8310	58	613
8335	137	698
8347	95	368
8368	17	751
8377	296	282
8400	341	85
8406	263	594
8420	26	330
8420	24	317
8458	304	574
8464	207	288
8473	140	330
8479	217	433
8480	26	55
8483	305	720
8501	305	290
8514	245	757
8530	149	329
8587	258	421
8608	233	685
8627	188	400
8638	309	295
8642	265	644
8644	195	36
8644	202	43
8644	196	52
8644	202	59
8652	113	577
8655	101	714
8680	54	213
8710	258	346
8716	97	418
8738	310	501
8782	90	719
8792	255	435
8836	200	668
8849	64	31
8886	296	386
8911	78	477
8919	301	386
8929	193	752
8931	322	31
8939	58	125
8953	325	31
8979	303	637
8983	338	348
9023	273	36
9026	21	646
9034	323	177
9046	98	731
9052	49	350
9054	268	692
9059	251	550
9087	301	205
9098	79	349
9116	173	474
9228	237	374
9260	87	708
9269	320	272
9320	320	237
9340	91	735
9353	268	470
9361	195	62
9394	114	430
9412	95	710
9417	302	34
9422	207	474
9441	88	436
9468	304	560
9477	345	669
9494	54	758
9505	49	662
9519	264	693
9545	46	751
9550	81	610
9550	176	588
9552	49	702
9583	197	433
9603	149	406
9613	301	386
9615	55	456
9624	14	464
9653	119	418
9658	270	643
9661	45	106
9675	43	116
9710	49	248
9710	49	248
9731	296	349
9733	316	308
9769	80	710
9775	53	163
9780	287	415
9784	327	114
9791	305	611
9820	148	354
9822	286	403
9828	296	256
9834	308	118
9834	87	767
9838	327	176
9844	148	366
9864	154	187
9874	113	342
9875	298	480
9879	329	392
9888	200	668
9914	132	578
9936	114	437
9942	300	429
9952	311	157
9954	91	720
9976	251	306
9989	60	191
