35	67	63
56	313	383
63	317	313
69	103	339
103	310	347
118	262	40
121	246	174
144	251	401
176	134	57
179	317	223
210	272	65
214	310	368
219	299	430
252	187	363
259	323	64
259	44	72
283	254	87
292	310	368
314	277	122
325	308	396
360	321	40
406	292	103
423	118	174
453	266	86
459	45	190
490	314	321
502	310	151
517	133	126
543	155	103
564	199	190
568	162	165
579	125	198
606	292	103
625	35	158
633	204	44
664	188	104
718	128	69
736	176	365
783	104	419
790	283	155
792	269	105
826	27	93
826	27	94
874	118	50
880	184	219
896	137	130
911	56	49
912	281	377
921	257	407
926	314	390
930	171	81
948	317	223
961	143	415
963	314	361
980	308	418
1004	160	76
1011	107	250
1026	96	419
1042	227	56
1061	10	30
1074	35	272
1081	145	78
1081	198	80
1081	232	81
1090	181	303
1107	192	85
1128	125	178
1129	89	60
1193	40	259
1208	224	216
1245	120	117
1266	26	75
1266	170	275
1276	300	357
1357	283	350
1359	95	72
1362	199	97
1366	322	348
1382	227	111
1462	114	139
1489	23	196
1498	143	214
1512	181	63
1540	269	105
1543	307	328
1562	204	44
1585	270	131
1650	320	101
1696	176	109
1707	284	50
1709	46	208
1736	251	417
1803	247	107
1812	134	57
1848	140	61
1854	159	71
1854	299	341
1873	186	395
1874	181	381
1883	172	71
1910	322	363
1923	319	420
1925	121	221
1973	309	355
2000	250	125
2009	34	86
2009	36	113
2015	288	70
2016	158	272
2083	348	432
2125	90	99
2151	35	158
2177	145	95
2181	96	105
2230	152	204
2250	99	146
2296	121	221
2425	118	126
2435	205	81
2447	316	354
2449	46	229
2471	154	371
2484	287	328
2492	217	122
2492	169	124
2518	312	334
2559	31	292
2596	95	72
2596	300	117
2609	118	174
2659	128	84
2659	228	86
2680	247	68
2693	242	94
2699	298	56
2732	16	83
2738	141	82
2762	299	81
2772	247	134
2800	281	377
2831	315	402
2910	116	69
2921	38	141
2950	240	109
2978	32	106
2979	167	366
2995	202	200
3055	293	116
3055	294	143
3068	171	101
3068	171	101
3085	305	56
3103	165	86
3110	83	417
3116	155	131
3157	323	157
3166	272	54
3168	250	408
3170	141	117
3195	320	208
3214	281	358
3264	43	273
3267	160	99
3268	315	175
3309	302	97
3318	66	429
3320	119	425
3391	307	411
3397	176	182
3416	209	182
3459	76	97
3460	36	113
3483	299	381
3529	34	100
3597	313	414
3617	118	78
3648	174	240
3654	193	366
3708	322	396
3766	216	70
3776	143	415
3778	140	386
3844	282	368
3903	35	158
3944	181	78
3963	128	116
3986	152	204
4002	40	154
4007	54	212
4032	290	24
4037	147	411
4042	154	392
4098	313	64
4114	314	48
4124	291	52
4125	139	298
4143	189	201
4154	277	122
4230	150	300
4253	288	70
4269	290	125
4288	309	136
4302	139	205
4303	52	152
4311	83	431
4340	45	168
4374	319	70
4395	252	145
4435	216	89
4468	270	131
4512	116	269
4543	194	259
4552	216	61
4602	156	254
4629	143	214
4631	291	52
4673	316	342
4697	44	158
4746	128	229
4768	197	293
4779	169	431
4779	170	430
4790	150	70
4790	237	90
4790	129	101
4805	314	390
4826	120	313
4828	149	388
4846	292	137
4849	39	278
4883	323	355
4885	315	87
4930	181	63
4996	278	431
5000	140	55
5027	39	290
5033	311	429
5061	127	188
5076	168	114
5083	197	293
5087	234	402
5104	45	106
5221	308	335
5224	260	64
5269	165	104
5278	44	148
5290	43	80
5290	304	102
5308	156	254
5351	45	168
5357	45	287
5394	212	197
5433	310	108
5452	43	86
5510	327	360
5515	40	259
5541	35	304
5569	283	350
5570	51	292
5578	227	56
5578	194	61
5582	283	155
5586	153	378
5598	181	78
5606	39	217
5623	217	9
5624	210	99
5668	129	78
5668	129	90
5682	54	198
5687	96	105
5690	255	58
5719	180	70
5732	323	64
5737	37	163
5743	165	104
5765	188	61
5765	122	65
5765	188	104
5769	262	40
5780	150	97
5812	292	137
5843	254	87
5853	324	77
5889	248	95
5904	165	72
5921	281	377
5988	112	61
5994	83	95
5996	237	77
6033	284	126
6043	140	70
6123	250	408
6130	123	269
6131	136	149
6142	153	378
6153	193	184
6158	44	264
6170	250	125
6170	137	130
6218	248	95
6251	281	386
6292	115	132
6315	87	424
6331	152	140
6409	185	281
6423	75	113
6427	232	140
6446	110	238
6446	110	238
6451	184	219
6520	143	415
6535	24	83
6563	137	352
6579	302	40
6647	312	76
6657	228	102
6661	315	142
6675	270	49
6741	254	431
6771	283	99
6794	310	151
6815	314	298
6815	317	332
6829	104	366
6840	315	402
6844	319	70
6869	285	155
6893	82	102
6932	260	138
6941	287	371
6952	33	132
6953	28	103
7125	287	371
7147	35	304
7202	298	408
7204	45	168
7242	204	44
7262	154	66
7306	182	405
7333	293	116
7333	294	143
7348	112	366
7397	34	86
7401	226	93
7407	285	410
7424	252	149
7424	252	151
7438	68	112
7463	284	50
7470	179	417
7495	291	131
7499	37	246
7542	248	59
7587	188	61
7589	78	73
7604	303	327
7715	162	408
7732	285	155
7745	56	304
7753	134	85
7755	180	130
7757	330	67
7771	316	249
7825	171	101
7825	171	101
7859	308	418
7894	252	135
7903	54	196
7914	301	158
7948	43	86
7966	39	219
8014	162	165
8020	45	106
8078	183	54
8078	183	54
8126	107	250
8132	46	39
8160	308	379
8218	81	108
8252	241	432
8270	149	229
8280	251	417
8284	205	96
8284	237	97
8319	260	70
8319	183	84
8362	287	89
8366	35	360
8381	315	87
8396	216	89
8403	81	108
8425	237	97
8428	176	365
8457	248	81
8502	183	84
8502	54	234
8543	183	54
8554	44	72
8566	257	407
8575	165	72
8603	172	288
8639	308	396
8650	189	201
8657	272	81
8668	135	328
8699	136	366
8756	144	421
8769	198	137
8798	272	91
8802	118	341
8820	211	75
8822	108	97
8832	32	106
8835	154	371
8837	290	125
8850	285	404
8857	96	419
8868	167	150
8895	122	65
9058	75	113
9072	187	113
9074	171	81
9094	316	91
9112	211	75
9179	115	132
9224	289	375
9224	287	382
9233	67	106
9250	267	118
9250	267	118
9263	158	113
9308	43	162
9323	44	148
9345	204	73
9366	53	182
9393	282	97
9477	84	16
9530	232	66
9530	165	86
9548	298	66
9567	150	88
9642	46	138
9645	34	100
9672	30	430
9687	283	60
9759	287	89
9858	310	108
9875	37	246
9906	183	84
9962	238	69
9972	316	342
9973	253	117
9990	140	70
