6	249	694
49	280	158
124	160	412
127	146	45
132	260	753
162	186	347
176	215	754
190	322	107
247	289	584
252	155	464
268	66	657
269	29	118
273	304	599
299	42	38
308	249	668
326	267	51
366	50	348
395	64	377
407	50	751
412	24	472
464	35	436
473	277	164
490	48	504
520	340	323
520	340	322
525	335	199
531	41	255
543	194	709
552	78	379
579	220	615
601	168	716
606	67	702
625	313	656
637	199	62
637	45	497
639	42	57
664	185	746
665	298	487
704	241	400
710	302	623
716	215	728
770	126	586
783	225	408
784	52	420
787	228	363
792	88	701
794	34	71
801	280	692
811	282	188
826	28	82
833	48	304
834	21	307
850	47	293
878	239	263
887	52	420
897	40	507
898	168	390
912	74	346
929	313	696
932	247	496
961	192	413
1042	168	706
1048	232	575
1052	75	76
1059	348	96
1081	204	734
1090	162	517
1128	222	635
1196	70	632
1222	185	328
1242	160	536
1244	13	542
1246	47	487
1262	302	623
1266	325	740
1305	211	251
1307	70	497
1319	313	696
1319	54	60
1319	53	85
1332	66	657
1335	59	657
1387	220	734
1409	174	540
1423	159	447
1454	244	255
1463	209	280
1498	201	599
1543	53	498
1561	61	430
1577	107	395
1585	85	678
1689	246	408
1707	74	753
1751	195	256
1793	352	782
1802	173	702
1812	215	754
1817	205	511
1829	55	97
1860	42	324
1867	308	651
1874	159	447
1920	262	240
1925	223	592
1942	59	57
1986	304	599
2009	52	66
2010	309	635
2099	144	614
2106	314	624
2107	286	49
2138	50	348
2147	306	540
2181	252	709
2216	311	66
2254	225	51
2258	309	670
2298	26	52
2314	140	59
2314	140	74
2330	306	540
2343	138	55
2373	42	440
2378	228	489
2389	228	86
2393	68	304
2407	242	385
2410	71	715
2410	72	717
2422	46	476
2435	146	727
2447	46	476
2449	298	585
2452	203	265
2471	185	455
2518	49	493
2527	53	400
2602	38	321
2609	229	641
2628	210	683
2630	306	29
2646	231	239
2651	253	239
2664	285	144
2707	271	740
2747	6	669
2762	60	722
2772	106	675
2795	47	293
2800	70	497
2840	162	732
2859	211	251
2863	308	627
2870	187	269
2891	307	714
2899	286	49
2921	311	673
2930	285	110
2930	46	546
2953	223	545
2966	318	655
2968	40	507
2979	172	460
2999	304	599
3029	68	304
3029	70	497
3036	233	577
3040	293	127
3049	253	395
3055	65	664
3059	318	655
3085	56	744
3100	49	445
3103	184	725
3168	101	427
3200	186	283
3214	99	366
3214	76	472
3248	196	511
3264	296	540
3268	46	634
3280	231	239
3303	202	273
3311	287	251
3322	12	343
3331	57	393
3345	227	295
3353	140	630
3356	290	757
3375	76	392
3397	172	631
3405	56	311
3411	344	408
3416	140	630
3419	293	508
3437	45	96
3455	298	566
3459	272	717
3496	59	657
3497	41	233
3575	209	751
3596	106	711
3607	308	595
3615	184	725
3622	167	683
3648	171	573
3682	26	740
3715	306	576
3733	332	169
3738	8	414
3778	196	441
3844	73	329
3847	267	712
3860	139	72
3867	42	232
3920	28	82
3944	169	732
3950	250	246
3951	186	356
3963	220	698
4002	309	660
4039	308	651
4089	259	64
4098	49	736
4230	190	517
4269	67	682
4302	206	608
4310	293	127
4319	209	751
4358	13	343
4402	220	307
4448	217	649
4450	220	477
4479	185	647
4479	20	340
4522	186	318
4522	186	319
4528	14	416
4602	186	560
4612	45	102
4636	187	439
4697	300	595
4716	42	482
4746	215	584
4751	320	9
4755	230	688
4757	186	283
4768	149	526
4789	232	269
4790	220	712
4790	116	716
4846	65	670
4849	301	534
4862	38	321
4870	317	714
4887	214	260
4889	35	436
4930	96	715
4996	70	88
5000	209	756
5016	237	431
5019	87	401
5041	78	422
5045	161	595
5061	219	625
5064	220	712
5068	185	746
5083	149	526
5104	306	708
5125	156	434
5182	216	688
5182	217	688
5199	108	638
5202	186	448
5219	240	698
5245	250	344
5252	313	640
5266	253	741
5278	304	667
5290	45	96
5376	68	304
5377	106	701
5394	136	615
5398	74	478
5426	74	753
5431	228	489
5431	228	488
5440	53	440
5475	319	18
5483	156	434
5498	152	713
5501	53	498
5569	74	478
5570	286	522
5577	283	227
5578	157	748
5598	169	732
5624	141	711
5636	220	615
5686	74	346
5687	100	373
5687	252	709
5743	184	708
5761	9	626
5761	324	126
5761	324	151
5761	10	599
5765	163	748
5765	227	747
5770	205	493
5786	54	60
5786	54	60
5786	53	85
5790	43	300
5812	65	670
5821	44	730
5832	305	564
5843	100	720
5853	40	724
5901	28	449
5906	67	676
5945	223	592
5952	23	571
5974	44	277
5982	163	402
5982	70	632
5988	237	751
6000	116	716
6008	279	115
6043	209	743
6044	48	524
6077	330	44
6077	329	44
6077	209	10
6091	186	347
6094	274	18
6094	271	16
6123	101	427
6130	217	545
6131	212	664
6134	325	204
6142	185	448
6153	156	628
6188	248	373
6215	306	576
6221	73	329
6240	53	52
6251	76	447
6292	233	681
6328	7	483
6379	40	449
6382	62	379
6394	42	232
6415	53	400
6454	265	719
6487	76	392
6540	335	104
6543	187	269
6591	46	340
6598	157	390
6617	72	323
6650	168	706
6666	42	57
6669	40	449
6679	224	251
6691	249	668
6695	224	578
6714	155	464
6725	15	473
6741	13	632
6753	312	271
6753	238	29
6806	240	698
6814	58	356
6829	229	457
6836	48	470
6844	44	730
6882	29	118
6890	34	356
6899	253	741
6918	289	295
6922	107	395
6932	93	671
6942	72	717
6949	277	122
6953	322	712
6966	130	723
6986	286	121
7022	215	728
7048	121	589
7054	272	717
7065	71	8
7077	287	204
7166	43	126
7172	236	387
7211	55	324
7214	277	164
7218	49	493
7222	206	608
7240	123	684
7244	253	741
7270	183	436
7272	257	763
7281	308	615
7311	89	672
7318	118	398
7363	158	424
7365	48	451
7376	299	523
7387	231	735
7420	257	763
7431	156	556
7495	67	676
7501	304	667
7520	162	732
7523	274	697
7524	135	40
7526	226	724
7539	232	575
7587	163	748
7628	323	163
7628	353	666
7680	100	720
7717	52	475
7744	267	706
7745	280	510
7750	204	415
7753	213	715
7765	57	393
7774	349	627
7821	290	253
7824	308	729
7844	351	640
7844	347	581
7870	309	660
7881	118	398
7894	191	673
7935	263	24
7939	185	328
7948	308	729
7954	313	656
7982	329	730
7991	61	689
7991	7	352
8003	34	71
8012	9	638
8020	306	708
8045	61	391
8071	322	97
8113	114	595
8121	194	344
8127	175	413
8141	329	103
8166	287	181
8219	181	698
8228	161	707
8231	64	377
8238	200	458
8244	350	609
8250	294	631
8270	194	584
8278	297	549
8311	41	233
8314	214	395
8369	288	229
8403	267	706
8410	80	685
8450	66	726
8494	315	391
8497	100	373
8565	67	682
8601	267	750
8603	171	529
8693	87	401
8693	205	583
8743	328	59
8746	152	749
8755	226	724
8756	190	408
8769	151	674
8769	197	673
8802	218	479
8820	141	733
8868	180	663
8885	43	115
8929	328	72
8948	288	229
8952	55	97
8961	283	242
9058	283	749
9079	225	102
9125	294	133
9132	89	672
9146	295	249
9168	164	382
9175	239	263
9250	88	690
9252	240	698
9263	191	699
9263	350	108
9265	208	703
9278	121	589
9311	70	632
9345	147	736
9345	147	736
9361	139	72
9428	140	700
9440	277	122
9446	326	468
9454	202	701
9513	172	161
9548	63	735
9615	198	716
9637	237	751
9642	303	676
9645	317	714
9658	350	118
9687	75	743
9734	123	603
9755	304	599
9767	65	664
9821	74	478
9832	115	518
9879	284	762
9902	175	619
9911	106	711
9913	29	118
9962	116	737
9989	147	736
9990	209	743
