31	55	334
36	302	258
65	30	228
80	23	294
112	31	147
145	120	394
148	166	95
183	97	78
213	69	152
224	174	349
266	55	162
266	55	163
326	67	51
333	46	232
337	304	377
348	280	78
364	279	379
373	25	178
416	7	261
469	40	361
469	38	367
469	33	378
481	206	78
489	241	381
506	18	63
508	182	325
510	348	150
516	23	234
517	159	348
517	192	358
567	24	28
569	280	318
570	32	242
588	261	352
594	246	325
599	279	126
630	257	336
648	127	337
700	34	122
733	239	373
741	255	287
790	181	198
877	238	232
880	238	232
886	288	366
898	127	337
939	136	265
958	169	358
974	133	278
999	216	79
1021	68	316
1021	67	314
1047	73	51
1052	79	303
1070	75	112
1073	228	376
1086	19	48
1106	72	56
1120	35	79
1153	239	220
1181	159	92
1213	231	345
1301	17	283
1349	133	320
1376	119	367
1403	145	245
1411	79	318
1458	12	108
1464	80	134
1464	259	144
1509	64	115
1511	165	210
1583	56	74
1599	28	83
1645	164	379
1687	162	96
1697	140	225
1713	208	148
1728	51	53
1744	8	11
1762	15	220
1790	255	348
1806	306	142
1807	29	66
1819	119	80
1820	125	52
1887	92	87
1945	76	77
1963	5	228
1997	119	115
2011	23	52
2027	285	314
2029	102	35
2043	108	406
2054	135	330
2080	103	82
2093	118	190
2107	329	183
2107	327	183
2122	5	228
2125	200	136
2157	183	211
2159	26	80
2206	88	317
2251	185	385
2254	268	275
2340	128	229
2368	138	218
2379	229	214
2384	58	192
2416	162	96
2459	284	349
2477	57	120
2528	78	363
2538	212	354
2569	136	291
2578	52	111
2596	165	210
2605	165	33
2605	165	34
2637	43	116
2655	143	259
2682	243	368
2717	119	395
2767	293	330
2806	105	56
2827	13	287
2839	45	85
2868	277	390
2868	300	98
2868	297	95
2879	219	258
2913	279	126
2937	59	66
2937	15	226
2998	78	119
3001	25	178
3008	248	364
3015	209	359
3039	21	225
3069	102	88
3090	280	362
3092	49	187
3193	276	170
3194	263	194
3220	276	170
3239	141	78
3334	314	196
3347	37	62
3365	316	92
3405	102	88
3440	14	99
3443	26	319
3473	81	141
3476	314	339
3509	209	223
3523	239	220
3528	59	140
3560	129	330
3600	198	307
3600	264	91
3633	218	373
3675	23	52
3688	111	115
3691	218	408
3719	328	112
3727	67	92
3727	78	124
3748	270	331
3760	213	218
3775	36	53
3777	56	74
3810	223	248
3822	94	113
3832	72	138
3839	210	148
3839	163	156
3839	208	148
3845	275	354
3849	293	133
3865	48	98
3865	49	98
3868	12	234
3880	137	43
3887	133	278
3888	291	145
3964	124	85
3979	244	344
3988	299	355
3996	76	77
4079	165	228
4087	235	360
4140	19	113
4141	150	296
4161	182	231
4169	200	136
4174	8	72
4188	135	205
4225	16	20
4273	220	271
4316	272	311
4322	121	105
4375	179	361
4394	244	251
4431	68	120
4471	166	330
4483	314	196
4496	274	175
4497	64	115
4568	165	285
4619	14	41
4635	185	324
4663	243	368
4699	26	284
4720	281	201
4723	159	300
4733	279	199
4773	57	120
4829	28	216
4829	51	45
4871	294	170
4900	193	170
4904	248	83
4925	82	128
4925	56	330
4933	260	229
4974	249	176
4988	170	98
4994	133	385
4996	165	52
5030	279	379
5054	134	96
5121	164	238
5135	206	362
5168	183	150
5205	213	365
5263	117	405
5341	243	225
5352	186	336
5358	35	108
5360	137	308
5364	271	276
5439	140	361
5454	172	289
5465	297	383
5482	154	338
5482	186	348
5491	35	299
5491	134	96
5516	9	223
5526	144	334
5526	178	344
5529	232	219
5531	39	337
5539	126	336
5563	143	270
5564	162	334
5592	75	146
5618	161	340
5618	228	361
5693	84	302
5721	73	325
5735	84	113
5776	70	320
5784	308	174
5787	169	205
5799	255	348
5800	278	89
5801	127	360
5826	230	158
5831	41	58
5835	186	130
5840	79	219
5916	107	258
5934	88	317
5934	160	384
5934	35	356
5950	257	89
5969	13	52
6084	281	189
6088	29	264
6089	142	204
6103	149	250
6126	16	20
6136	242	87
6156	207	293
6157	138	189
6159	134	265
6171	58	86
6252	132	83
6258	26	222
6264	200	136
6286	117	97
6302	262	294
6311	31	279
6367	151	200
6396	56	234
6417	43	65
6584	293	330
6586	172	351
6591	78	68
6602	348	150
6605	279	126
6612	72	138
6631	103	82
6680	48	64
6685	141	321
6685	145	323
6759	164	246
6772	157	178
6797	230	317
6821	148	339
6841	322	203
6856	210	148
6865	67	68
6866	350	195
6896	322	143
6898	214	341
6898	214	340
6928	147	265
6969	166	95
6997	141	253
7012	234	239
7017	58	86
7076	96	69
7076	162	96
7101	21	257
7143	21	150
7155	13	185
7156	165	266
7209	229	214
7219	138	189
7228	30	247
7260	225	82
7267	282	78
7278	164	246
7399	58	192
7399	26	319
7441	328	179
7461	35	108
7556	102	88
7579	49	296
7588	314	179
7616	290	202
7629	12	108
7659	170	169
7706	141	78
7732	163	156
7762	315	246
7820	16	262
7824	321	164
7866	11	257
7929	24	330
7947	55	59
7951	336	197
7962	151	245
7988	81	100
8018	33	189
8018	48	56
8047	15	226
8081	87	100
8126	128	229
8129	96	316
8141	268	291
8141	269	234
8211	109	72
8271	166	161
8298	116	310
8308	128	91
8310	159	92
8316	37	28
8319	190	82
8436	5	271
8449	122	325
8463	66	102
8575	21	225
8616	67	60
8651	80	134
8658	219	62
8658	301	387
8658	301	387
8713	59	325
8736	120	40
8792	43	116
8799	169	143
8860	6	150
8914	9	45
8929	318	250
8978	170	98
8980	335	188
8990	282	78
9026	174	381
9026	268	389
9027	65	162
9034	156	161
9035	338	147
9046	270	331
9071	187	68
9087	279	275
9107	205	393
9135	270	316
9198	104	74
9204	134	265
9295	297	333
9297	122	352
9302	109	72
9340	270	339
9351	42	159
9400	170	134
9449	117	65
9455	132	200
9458	291	145
9501	48	64
9504	31	279
9505	226	369
9519	309	183
9575	123	280
9614	157	178
9625	261	317
9656	21	192
9659	6	150
9673	185	208
9700	274	157
9760	140	237
9771	245	168
9780	29	66
9846	140	237
9856	12	88
9875	95	69
9877	139	342
9877	243	368
9898	230	119
9947	117	97
9979	17	33
9993	140	380
