0	228	697
9	154	434
9	299	354
14	115	755
18	145	50
27	147	398
39	264	721
47	251	778
55	70	639
58	68	82
62	230	802
65	148	497
80	232	387
86	115	443
90	54	537
98	132	66
104	259	584
107	36	421
109	44	81
111	302	277
126	300	407
157	156	608
158	50	722
159	60	632
188	104	758
198	213	382
206	86	63
217	308	703
217	45	213
225	295	401
227	56	733
233	312	769
251	286	97
270	94	409
288	255	84
296	144	396
329	264	406
332	123	611
346	166	575
350	46	229
375	278	75
381	301	386
390	108	775
392	294	508
416	264	406
425	173	581
440	185	582
444	341	233
474	163	396
489	271	647
489	268	658
493	202	585
514	49	512
528	275	708
548	207	478
555	159	620
577	275	62
581	54	494
585	294	359
588	103	768
594	225	563
600	129	803
600	240	686
619	253	438
620	306	659
620	306	647
629	91	377
631	111	15
652	68	82
659	16	332
669	219	692
678	304	493
679	160	419
680	223	456
705	226	483
706	143	602
720	30	776
721	186	584
726	210	698
740	283	374
740	283	362
745	281	135
745	281	105
753	179	580
757	169	595
764	113	577
768	184	459
786	206	637
791	288	173
801	298	533
818	275	484
821	273	449
836	138	356
847	143	482
852	297	366
875	117	406
885	164	689
897	300	328
905	144	439
907	111	93
921	312	769
965	90	77
977	101	505
1006	51	267
1033	149	350
1035	153	625
1041	271	273
1065	139	622
1068	282	67
1073	258	128
1078	53	82
1080	177	613
1086	293	437
1088	131	754
1101	27	412
1105	253	687
1106	302	484
1122	204	702
1135	114	585
1137	105	450
1154	110	626
1182	291	415
1228	274	138
1228	274	108
1229	290	541
1243	38	420
1249	168	368
1251	45	718
1253	104	757
1263	281	532
1275	293	331
1277	290	60
1301	109	463
1304	278	75
1311	135	483
1315	50	66
1321	269	386
1360	138	57
1374	46	229
1375	310	590
1376	118	464
1396	80	747
1438	105	781
1439	91	370
1451	297	465
1460	88	96
1502	269	686
1502	29	792
1512	282	440
1517	266	485
1518	115	755
1550	311	527
1550	328	390
1553	300	527
1560	297	432
1569	286	88
1578	167	462
1582	257	355
1590	50	255
1590	310	744
1604	87	542
1627	310	520
1640	120	374
1659	55	561
1659	61	616
1676	290	541
1687	63	725
1695	49	159
1714	284	464
1715	9	175
1717	174	399
1719	193	590
1725	193	598
1728	300	466
1732	195	478
1752	125	594
1785	133	701
1797	288	80
1799	66	647
1807	111	726
1828	220	644
1829	285	472
1845	241	452
1881	281	135
1881	281	105
1891	304	629
1900	51	386
1915	294	508
1919	57	706
1927	231	356
1935	138	720
1936	286	504
1948	143	482
1953	94	608
1969	288	457
1993	56	455
1997	156	345
2009	287	112
2011	292	443
2011	147	443
2018	280	277
2030	149	341
2063	230	476
2072	226	483
2083	8	28
2150	137	458
2213	138	356
2228	138	57
2228	138	57
2275	165	796
2275	31	522
2289	286	158
2292	35	64
2293	94	750
2308	287	474
2323	107	690
2333	151	404
2347	56	455
2350	282	406
2358	299	342
2376	245	405
2383	350	817
2388	314	60
2388	315	61
2388	315	62
2398	268	772
2404	187	360
2404	191	497
2422	294	359
2450	278	457
2455	178	407
2456	223	384
2483	53	551
2485	28	808
2496	346	69
2500	314	117
2500	315	87
2509	200	577
2517	251	425
2547	116	380
2565	101	455
2575	254	462
2658	278	513
2660	285	321
2662	159	620
2669	54	291
2679	152	509
2688	278	457
2694	105	384
2698	252	743
2724	300	328
2725	103	438
2748	212	430
2761	253	417
2782	283	452
2851	61	485
2872	290	60
2874	247	455
2882	58	663
2886	250	481
2907	79	716
2918	260	660
2919	276	330
2944	101	377
2949	149	341
3000	16	299
3002	20	792
3018	41	218
3032	145	492
3056	167	419
3056	235	444
3081	345	163
3082	76	98
3107	293	437
3121	158	393
3176	245	387
3180	125	635
3233	137	458
3284	33	432
3308	77	476
3359	62	43
3367	274	473
3369	175	682
3377	283	335
3393	296	336
3394	129	451
3428	206	458
3441	97	598
3458	346	69
3460	287	112
3469	314	73
3475	290	396
3479	54	537
3510	300	475
3528	65	112
3580	289	79
3594	140	383
3600	112	681
3600	111	681
3601	51	702
3642	258	777
3652	154	425
3661	134	604
3664	67	696
3666	134	566
3675	147	443
3693	272	348
3704	251	500
3708	300	396
3710	153	625
3717	305	381
3726	111	608
3760	201	664
3774	131	490
3784	129	591
3786	103	69
3795	289	517
3797	89	465
3813	242	477
3844	287	474
3853	185	690
3856	282	440
3859	296	336
3865	262	444
3894	54	291
3907	177	633
3908	272	430
3924	30	776
3928	117	770
3930	152	472
3948	114	398
3961	232	682
3976	117	770
4045	209	786
4055	160	465
4077	29	41
4126	160	483
4130	45	150
4156	266	670
4202	81	471
4264	156	372
4272	57	692
4273	145	689
4318	60	797
4330	216	419
4362	95	485
4393	98	790
4404	151	442
4427	262	258
4468	271	397
4483	105	384
4486	44	463
4500	167	607
4514	272	430
4529	298	480
4544	128	365
4553	68	762
4563	60	647
4563	58	591
4565	271	374
4570	93	719
4573	100	465
4580	93	399
4600	189	439
4646	63	576
4646	64	689
4646	67	632
4656	299	181
4673	294	349
4713	214	382
4736	237	460
4738	198	697
4742	250	366
4776	335	387
4783	50	759
4784	31	645
4793	294	349
4799	145	492
4827	142	386
4831	160	591
4838	288	80
4865	275	708
4889	165	443
4917	293	231
4969	299	504
5025	293	242
5040	219	772
5042	54	483
5062	55	793
5065	96	667
5066	194	618
5074	138	745
5096	56	782
5097	69	470
5099	307	54
5104	67	611
5129	206	438
5180	238	376
5191	218	580
5192	244	433
5198	275	601
5258	138	810
5293	307	637
5310	94	795
5312	298	384
5317	118	464
5337	272	348
5339	289	622
5393	78	658
5407	311	104
5420	75	798
5428	190	653
5441	100	473
5458	151	442
5461	200	577
5465	49	811
5465	50	811
5476	46	168
5527	277	500
5528	249	491
5548	202	585
5559	305	446
5564	42	165
5594	165	166
5620	336	379
5625	257	493
5627	144	369
5642	241	414
5650	59	605
5669	37	752
5691	290	396
5692	238	473
5723	244	425
5755	62	809
5759	84	103
5769	96	461
5807	172	488
5838	24	382
5838	25	383
5860	243	362
5862	268	772
5881	327	420
5893	236	416
5909	109	742
5931	245	719
5959	274	414
5972	208	370
6035	99	405
6077	178	793
6077	249	679
6112	51	239
6165	69	470
6181	269	686
6186	132	416
6200	95	775
6202	237	351
6225	94	750
6229	146	345
6244	55	279
6249	142	386
6259	154	492
6265	95	474
6300	131	754
6328	24	476
6330	331	756
6353	42	149
6396	135	22
6428	199	615
6435	239	431
6436	270	323
6445	265	129
6483	111	726
6529	205	400
6539	183	83
6553	239	431
6558	282	265
6566	65	364
6589	176	420
6592	131	51
6629	168	420
6642	109	463
6660	186	584
6675	109	484
6694	342	203
6699	302	264
6707	250	760
6718	244	425
6728	102	427
6737	285	321
6778	125	635
6780	108	709
6817	51	386
6819	56	343
6836	293	365
6865	293	482
6868	226	614
6875	132	796
6876	253	417
6886	146	747
6919	206	458
6921	92	392
6974	215	767
7077	54	483
7105	82	597
7154	283	362
7193	281	350
7211	49	808
7211	331	555
7232	246	445
7234	295	391
7238	82	614
7275	103	682
7315	303	427
7342	118	36
7376	271	397
7384	216	699
7409	275	603
7443	56	578
7443	60	633
7494	253	602
7497	144	439
7521	287	337
7528	135	665
7529	148	450
7551	282	391
7558	160	591
7563	307	468
7585	55	478
7609	97	443
7612	242	668
7620	109	363
7657	43	782
7674	271	374
7733	254	257
7738	173	581
7756	307	400
7764	58	61
7767	290	492
7770	82	597
7781	301	539
7785	278	457
7799	61	538
7814	239	431
7857	135	590
7865	292	187
7865	300	475
7896	287	433
7949	48	99
7951	146	624
7952	42	487
7959	295	372
7970	82	614
8029	286	247
8046	295	325
8047	293	407
8060	209	409
8060	212	446
8062	255	474
8063	342	557
8064	310	702
8067	114	477
8087	105	479
8089	224	471
8098	135	597
8117	320	539
8140	301	417
8167	45	150
8176	264	460
8194	50	255
8194	310	744
8226	304	518
8248	126	769
8253	29	61
8275	257	493
8340	299	564
8347	99	405
8360	293	242
8414	73	736
8421	224	471
8459	189	380
8463	223	456
8491	236	483
8503	148	420
8507	243	484
8512	247	455
8514	248	785
8515	159	620
8530	75	798
8557	293	587
8559	62	466
8573	242	470
8598	207	676
8604	61	555
8619	100	473
8643	104	386
8663	113	811
8666	290	294
8667	253	438
8673	309	496
8717	101	377
8734	279	353
8780	187	577
8849	262	504
8849	31	783
8852	296	118
8866	274	414
8899	298	439
8989	313	779
9005	55	425
9027	145	64
9041	49	159
9052	68	762
9106	240	116
9119	273	686
9124	209	620
9133	49	783
9135	260	589
9211	80	619
9234	252	405
9275	161	516
9294	144	512
9368	122	472
9391	281	173
9416	190	419
9421	259	620
9430	103	438
9443	148	420
9455	194	570
9476	176	420
9523	45	718
9545	349	114
9585	308	574
9601	238	473
9627	154	513
9653	55	478
9675	46	229
9675	308	719
9687	289	622
9700	87	644
9752	184	459
9764	260	372
9764	235	398
9773	88	786
9815	166	490
9823	97	384
9838	302	250
9843	302	166
9851	219	708
9855	187	400
9875	120	473
9907	45	139
9958	295	797
9999	256	669
