20	176	234
65	136	83
75	27	8
78	155	73
91	323	25
150	269	277
153	88	35
174	174	267
185	166	203
188	85	336
192	157	147
217	311	292
223	137	72
227	33	307
233	317	360
261	202	263
299	262	194
341	254	54
354	147	354
372	114	380
392	296	88
434	166	276
440	177	173
454	88	351
513	155	204
526	8	279
534	298	41
545	194	251
563	137	105
588	83	345
591	154	267
644	221	276
669	215	281
676	56	273
677	268	174
684	278	74
691	40	140
695	32	139
705	221	64
706	127	190
717	85	358
723	206	45
786	200	225
801	227	50
809	90	241
819	49	357
821	275	25
845	297	148
847	128	65
885	153	274
924	63	34
973	159	19
973	65	81
977	81	90
981	98	210
997	181	166
1005	267	83
1005	267	83
1006	315	347
1065	122	209
1084	79	67
1085	253	20
1088	114	333
1105	253	272
1154	89	212
1158	74	89
1166	192	167
1170	141	195
1171	168	218
1194	171	373
1197	7	150
1229	289	125
1267	127	17
1272	299	184
1278	170	25
1311	118	66
1320	143	222
1352	129	53
1354	269	205
1396	60	321
1396	59	320
1420	97	57
1438	85	358
1474	109	60
1495	200	283
1517	265	64
1575	139	212
1578	156	40
1605	217	9
1630	182	58
1630	43	62
1681	70	28
1715	274	273
1719	185	181
1740	302	57
1744	255	331
1744	256	349
1759	313	101
1766	35	227
1789	139	284
1792	90	289
1816	239	41
1828	216	232
1828	216	232
1838	97	31
1855	288	100
1858	213	58
1859	299	29
1871	244	170
1919	34	283
1927	48	195
1948	128	65
1951	249	332
1979	176	62
1987	79	81
1993	25	35
1995	117	8
2065	262	53
2078	91	270
2080	294	47
2083	5	10
2092	219	52
2100	26	135
2145	75	186
2189	51	311
2293	75	327
2308	290	51
2323	89	272
2364	12	44
2373	42	302
2391	121	195
2403	57	41
2420	278	74
2440	14	71
2443	206	45
2450	280	33
2509	192	167
2517	307	247
2553	79	67
2577	131	219
2633	96	85
2633	319	372
2652	265	353
2659	77	47
2662	146	208
2675	133	194
2678	123	28
2679	140	96
2688	280	33
2690	311	292
2698	249	332
2718	106	350
2800	186	54
2810	255	331
2810	256	349
2850	35	67
2859	289	207
2868	45	47
2874	246	33
2878	43	53
2886	247	62
2918	260	247
2930	315	335
2967	75	343
3016	58	151
3032	132	76
3061	185	279
3182	29	78
3188	139	54
3246	260	87
3284	303	84
3351	6	273
3351	16	392
3367	276	51
3423	99	335
3428	198	36
3476	9	68
3573	297	68
3578	86	25
3600	94	264
3633	104	389
3642	257	367
3661	116	193
3664	46	274
3679	300	202
3710	139	212
3741	255	258
3754	174	72
3755	276	51
3776	285	16
3780	346	207
3792	152	14
3837	282	11
3853	177	277
3861	217	84
3940	348	244
3976	100	348
3988	20	47
4063	34	242
4097	116	193
4107	70	253
4132	109	276
4156	266	257
4185	197	301
4186	42	302
4192	176	234
4211	280	123
4273	133	275
4297	230	206
4364	275	376
4365	246	33
4405	104	198
4415	121	195
4428	94	366
4442	101	286
4454	200	199
4500	155	195
4508	271	35
4524	97	156
4539	54	53
4570	72	298
4573	77	47
4721	88	35
4738	191	284
4765	134	311
4781	240	80
4783	14	302
4794	55	255
4799	132	76
4829	308	22
4847	162	172
4915	183	216
4933	77	12
4934	122	154
4940	159	185
4956	103	359
4975	244	44
5022	124	212
5046	54	151
5048	231	9
5062	33	308
5062	32	366
5114	314	45
5145	103	338
5188	88	193
5189	50	57
5191	212	171
5207	165	268
5258	117	387
5326	55	61
5326	227	50
5327	139	54
5329	142	272
5399	213	356
5423	29	78
5441	77	56
5447	97	166
5549	89	167
5553	88	46
5570	207	125
5585	103	43
5623	55	385
5670	86	25
5754	263	224
5769	71	43
5778	103	32
5809	23	240
5827	87	172
5889	76	26
5893	233	27
5898	7	128
5909	90	321
5978	274	70
6009	296	106
6046	225	26
6068	70	8
6200	75	353
6225	75	327
6259	141	77
6393	106	183
6428	193	203
6445	179	224
6472	253	20
6483	95	305
6565	220	294
6609	50	57
6616	182	58
6623	123	218
6631	294	47
6644	285	27
6652	165	268
6655	244	349
6692	263	326
6711	285	16
6753	57	9
6759	146	208
6785	45	335
6787	139	22
6865	296	59
6903	240	74
6944	195	177
7025	159	9
7025	238	382
7025	238	383
7057	173	81
7065	202	375
7077	315	318
7137	290	51
7162	146	46
7253	233	63
7275	83	262
7338	303	84
7403	188	207
7416	199	59
7440	6	273
7454	232	53
7494	251	192
7517	186	54
7541	232	22
7543	240	80
7577	89	80
7588	270	341
7700	135	28
7737	270	178
7737	268	174
7748	9	267
7773	64	58
7781	302	120
7793	248	4
7831	74	89
7844	6	48
7857	119	179
7879	128	323
7882	72	298
7970	166	203
8024	251	350
8025	171	373
8030	279	175
8031	103	338
8033	237	49
8038	72	208
8088	199	15
8143	123	326
8169	66	80
8176	265	37
8201	267	373
8203	291	69
8275	255	75
8304	270	178
8307	64	58
8307	64	58
8427	109	276
8448	99	67
8451	49	324
8524	41	246
8559	34	48
8606	110	279
8619	77	56
8643	211	226
8658	27	331
8666	150	34
8669	25	133
8673	312	72
8803	351	261
8811	123	28
8812	307	247
8829	97	31
8831	127	17
8878	244	349
8884	88	35
8916	194	251
8960	353	249
8996	16	392
9039	66	226
9091	299	29
9116	289	207
9122	165	268
9124	204	208
9173	177	23
9184	212	15
9230	156	31
9294	131	99
9315	76	26
9373	160	289
9442	240	74
9455	187	161
9456	163	13
9472	307	232
9480	219	154
9510	5	10
9512	75	186
9549	263	14
9601	232	53
9627	143	100
9653	27	60
9657	49	357
9675	311	308
9694	179	15
9715	59	200
9722	53	371
9737	70	28
9813	326	12
9819	307	232
9832	123	335
9847	213	28
9903	169	185
9904	205	24
9919	288	100
9981	239	255
9987	243	10
9989	79	81
9992	142	169
9996	292	320
