19	190	445
48	319	447
117	48	452
119	268	829
124	77	436
154	315	437
197	259	425
203	211	58
209	262	40
221	318	382
246	293	30
284	76	577
289	246	208
313	292	847
317	175	385
354	313	453
359	64	722
362	259	87
370	42	757
374	314	532
400	56	136
406	307	808
413	304	747
413	35	43
413	304	747
422	315	158
430	240	109
450	227	236
459	313	288
482	233	40
491	96	154
503	315	764
529	56	214
532	284	352
554	52	712
555	314	448
574	144	377
595	314	552
606	294	83
615	143	115
703	56	136
716	258	56
734	279	210
750	119	193
762	148	448
788	116	110
824	320	159
848	327	372
850	312	540
861	104	523
869	102	494
887	308	404
888	232	397
895	71	72
896	239	96
902	143	125
916	312	349
929	309	793
940	202	527
940	345	819
1038	323	846
1039	320	437
1055	192	47
1060	287	752
1066	133	589
1066	133	589
1067	86	284
1073	300	469
1074	56	280
1083	161	344
1121	114	319
1136	219	187
1149	54	104
1168	297	753
1199	60	285
1206	260	203
1220	281	216
1241	153	112
1247	73	612
1268	131	323
1294	58	607
1300	326	426
1310	29	40
1335	310	829
1351	82	185
1366	319	336
1395	41	770
1428	238	64
1456	131	355
1468	116	525
1560	317	425
1570	135	410
1581	335	793
1587	52	130
1599	174	114
1611	139	100
1618	64	612
1662	133	78
1693	93	487
1709	174	51
1722	60	129
1761	237	211
1769	319	67
1778	309	479
1778	309	480
1779	63	597
1779	171	46
1788	179	74
1859	50	636
1882	309	548
1894	106	125
1908	42	54
1908	297	35
1911	170	340
1942	195	501
1967	250	248
1996	48	644
2009	309	786
2009	42	79
2009	45	104
2024	316	611
2026	58	36
2048	15	416
2056	128	158
2075	216	85
2076	173	75
2079	166	104
2103	138	451
2105	172	312
2115	219	187
2134	131	339
2166	37	824
2191	218	100
2203	135	514
2205	133	264
2211	86	284
2218	292	197
2239	321	482
2260	233	80
2261	103	96
2262	309	473
2280	173	299
2297	232	122
2311	170	340
2331	118	168
2355	133	589
2359	327	547
2371	47	695
2373	227	379
2385	287	82
2415	44	743
2428	231	243
2448	257	27
2496	62	573
2531	253	59
2533	179	46
2560	259	87
2571	41	99
2580	41	386
2595	132	51
2600	314	448
2614	86	236
2636	204	382
2646	341	756
2646	146	107
2648	148	234
2649	87	519
2650	90	220
2663	168	524
2676	190	825
2676	190	809
2676	184	799
2717	209	288
2726	310	814
2726	61	117
2726	297	35
2752	91	252
2761	56	214
2761	231	263
2771	321	41
2776	217	370
2785	40	68
2806	337	46
2819	275	61
2875	164	30
2905	68	334
2927	148	406
2959	85	569
3013	264	354
3043	241	285
3057	118	168
3077	325	315
3098	222	110
3108	178	185
3184	53	581
3191	311	66
3191	314	336
3196	222	341
3215	289	233
3219	37	49
3237	89	203
3260	296	77
3260	295	50
3272	50	446
3278	196	391
3305	55	180
3327	160	113
3363	155	121
3391	307	398
3402	115	82
3410	255	194
3436	162	64
3447	309	501
3460	309	786
3460	45	104
3492	286	56
3552	153	406
3555	190	792
3560	96	386
3579	258	36
3581	277	151
3595	177	80
3603	41	727
3613	256	372
3623	26	48
3627	163	364
3667	140	318
3685	57	183
3723	310	509
3744	314	552
3823	130	297
3834	88	594
3858	276	832
3861	62	573
3862	159	468
3886	113	242
3926	184	799
3970	273	65
4065	164	30
4072	140	480
4081	227	379
4087	120	489
4102	268	78
4110	320	26
4119	219	36
4157	268	828
4159	189	240
4174	80	67
4195	223	386
4216	61	117
4240	41	20
4247	139	297
4275	302	814
4284	131	355
4285	164	38
4291	169	307
4292	62	296
4320	317	14
4321	272	424
4324	204	43
4328	76	97
4331	104	51
4346	124	353
4360	286	550
4368	50	417
4370	272	270
4390	174	527
4419	291	24
4430	54	298
4438	33	44
4449	137	525
4455	312	139
4468	166	57
4482	89	203
4537	275	179
4545	63	387
4557	98	118
4559	260	98
4588	150	512
4596	148	448
4607	239	209
4614	37	824
4622	306	774
4623	334	767
4628	279	165
4639	183	344
4642	73	77
4647	179	244
4678	131	35
4758	153	112
4774	267	54
4800	65	573
4804	314	331
4844	56	192
4856	196	391
4859	124	551
4859	147	454
4920	262	40
4934	145	534
4943	156	447
4949	258	36
4979	43	768
4985	317	585
5007	202	236
5033	92	284
5035	258	68
5038	123	574
5055	80	596
5078	252	33
5110	81	66
5111	209	288
5112	92	503
5140	261	262
5173	169	307
5208	264	416
5213	316	583
5213	232	122
5213	272	270
5230	166	57
5239	256	372
5264	262	40
5294	42	54
5298	141	373
5312	48	644
5313	169	409
5376	317	439
5417	67	559
5428	228	221
5446	47	621
5454	317	585
5455	210	39
5467	141	42
5468	124	318
5471	115	372
5541	179	46
5549	327	547
5551	203	448
5562	96	154
5592	314	30
5599	153	127
5608	119	223
5616	97	329
5662	306	427
5676	142	490
5683	143	311
5684	194	84
5727	140	391
5734	227	390
5736	310	509
5786	307	765
5787	318	718
5825	284	21
5837	296	77
5851	206	71
5915	295	50
5925	68	334
5929	162	64
5947	154	28
5974	316	561
5981	247	99
5985	50	417
6008	307	511
6014	303	23
6014	47	42
6033	37	96
6045	318	508
6051	297	102
6057	260	203
6065	264	416
6074	43	786
6086	173	299
6099	312	540
6118	240	109
6126	239	96
6136	193	347
6166	66	584
6166	66	584
6173	306	427
6178	104	342
6178	259	425
6188	147	38
6193	290	258
6239	208	112
6241	123	574
6275	131	339
6293	308	404
6306	171	459
6311	208	112
6327	152	511
6331	186	521
6360	244	87
6393	172	109
6394	316	476
6394	316	477
6406	91	300
6418	52	611
6427	328	53
6434	271	91
6438	162	250
6443	179	74
6476	231	243
6485	64	722
6492	222	341
6500	123	574
6501	233	80
6503	103	166
6518	156	525
6518	153	525
6537	260	110
6569	13	307
6615	68	334
6618	273	75
6641	100	110
6665	319	404
6682	45	52
6693	97	328
6715	297	102
6793	309	802
6850	192	47
6861	301	777
6891	228	571
6913	37	49
6913	305	752
7003	238	64
7018	77	353
7023	77	436
7036	33	44
7039	219	36
7044	164	38
7107	91	268
7108	314	103
7122	257	547
7127	226	62
7157	163	274
7159	337	356
7200	230	97
7234	314	377
7244	118	39
7259	210	39
7351	324	98
7357	81	147
7381	300	48
7388	233	70
7397	42	79
7420	154	28
7426	166	393
7429	309	802
7458	147	38
7465	51	617
7476	200	459
7480	132	51
7492	129	242
7536	52	163
7590	68	247
7640	200	513
7655	345	777
7674	316	371
7691	258	238
7718	194	84
7728	257	451
7758	326	81
7758	326	54
7758	326	54
7759	252	41
7792	241	120
7803	307	337
7819	144	66
7844	21	251
7866	315	437
7878	186	92
7895	314	228
7909	52	79
7920	184	783
7946	42	757
8012	274	846
8030	130	404
8056	190	792
8066	283	808
8074	286	202
8095	96	386
8181	30	76
8181	326	54
8198	85	195
8283	335	299
8285	178	94
8339	129	242
8340	167	71
8371	118	39
8374	247	119
8378	308	326
8389	319	166
8397	232	45
8398	105	355
8404	148	234
8415	306	371
8438	43	735
8442	258	56
8460	289	234
8494	254	362
8507	100	324
8508	193	183
8519	161	244
8569	279	210
8625	260	830
8665	215	42
8670	294	83
8692	217	370
8693	301	103
8701	50	636
8713	260	830
8753	327	372
8771	104	342
8771	264	436
8791	16	161
8814	137	126
8824	149	511
8866	166	57
8903	323	786
8942	132	393
8960	77	353
8966	229	118
9009	116	110
9024	327	386
9033	137	36
9041	53	700
9194	51	431
9232	280	114
9235	86	390
9241	216	85
9357	187	158
9372	41	386
9376	75	145
9408	44	764
9408	147	190
9446	22	127
9457	47	205
9469	139	496
9478	321	94
9536	144	66
9544	279	165
9550	133	84
9561	206	71
9567	233	56
9590	250	256
9595	133	84
9607	183	259
9623	47	621
9626	65	295
9645	43	93
9667	152	120
9673	256	837
9688	234	186
9724	60	285
9777	181	832
9783	312	312
9787	261	306
9795	204	43
9805	252	41
9829	44	716
9829	314	448
9839	195	243
9876	212	80
9895	316	611
9901	143	401
9909	253	227
9920	193	252
9945	204	382
9949	254	82
9962	243	42
9986	76	97
9989	241	35
