27	146	375
32	33	558
35	56	367
39	258	722
55	45	551
55	41	606
58	82	65
67	147	323
73	276	239
75	121	799
108	89	344
139	167	670
147	307	377
150	266	687
158	331	465
164	166	576
180	298	352
185	162	599
188	75	739
204	64	130
205	101	789
217	54	189
225	301	382
233	311	780
261	196	666
265	287	360
287	270	353
297	221	450
313	21	629
332	101	586
337	15	557
341	254	453
346	155	554
359	342	9
375	107	389
375	301	72
381	308	366
384	50	435
386	57	448
396	215	352
419	190	601
425	161	562
439	264	718
440	175	564
444	22	215
451	251	663
453	306	654
453	306	637
500	244	331
513	151	598
514	254	15
530	192	676
534	298	443
539	264	374
545	189	653
546	324	141
557	347	572
567	83	774
571	105	571
585	304	340
588	72	748
591	147	667
600	328	145
612	151	318
644	216	681
651	40	480
652	82	65
663	271	238
669	209	686
673	257	346
676	48	660
678	308	471
701	121	608
705	222	462
726	199	690
730	39	578
737	92	470
740	287	403
753	169	562
754	192	791
786	196	624
801	57	440
801	228	449
809	84	633
831	136	457
834	323	440
837	298	352
838	192	560
839	307	559
847	136	457
848	313	409
856	39	578
875	112	381
881	164	374
885	146	675
890	244	767
890	244	766
905	138	415
916	302	346
921	311	780
924	78	424
964	161	419
977	89	476
1006	56	242
1011	146	418
1018	163	615
1025	270	575
1033	151	328
1048	302	442
1063	269	626
1063	268	634
1065	119	600
1068	307	66
1068	307	65
1088	104	738
1097	310	93
1105	247	682
1135	97	559
1137	96	422
1154	85	600
1182	295	395
1186	83	774
1186	350	531
1200	310	106
1223	311	85
1228	293	102
1229	289	522
1253	74	737
1275	303	313
1289	52	775
1297	163	615
1320	139	616
1358	101	604
1375	325	128
1375	330	101
1389	55	766
1394	288	372
1396	48	723
1413	215	376
1420	107	447
1439	89	344
1458	250	352
1464	86	416
1494	296	304
1513	288	497
1514	194	568
1517	265	464
1560	304	409
1578	162	440
1579	166	576
1580	304	274
1581	22	239
1592	114	730
1612	294	513
1623	303	484
1627	283	120
1659	35	528
1676	289	522
1714	287	441
1719	184	573
1725	185	582
1740	116	374
1744	249	765
1744	248	745
1766	291	152
1789	133	684
1797	304	106
1797	304	106
1816	240	441
1838	111	424
1843	304	637
1855	288	497
1893	208	389
1919	258	741
1935	117	705
1936	287	483
1951	243	747
1953	69	579
1969	293	434
1991	58	105
2009	304	106
2021	117	360
2029	30	425
2063	228	456
2080	294	448
2084	327	591
2088	304	330
2130	337	74
2188	277	480
2189	39	709
2193	44	424
2206	30	697
2213	138	332
2275	119	793
2289	299	147
2292	47	46
2299	165	568
2310	63	121
2323	79	669
2334	320	93
2346	133	83
2350	286	387
2358	310	324
2361	184	605
2404	188	340
2406	311	472
2422	304	340
2423	39	779
2474	302	558
2517	255	417
2518	301	324
2553	89	455
2575	253	440
2602	307	488
2627	260	791
2633	89	344
2658	276	494
2659	317	66
2660	296	304
2679	144	485
2682	184	605
2684	77	793
2698	243	747
2700	59	567
2703	101	427
2718	96	756
2720	52	110
2738	291	342
2742	295	372
2771	340	62
2782	286	428
2806	12	789
2810	248	745
2820	308	722
2820	54	204
2850	48	453
2853	64	695
2865	120	400
2872	302	457
2878	332	59
2878	57	440
2886	248	461
2891	308	122
2894	295	372
2900	146	375
2910	317	123
2918	257	651
2949	151	318
2955	265	661
3004	27	798
3004	27	798
3061	178	682
3094	164	374
3103	255	398
3121	157	371
3148	84	666
3150	268	8
3162	89	754
3180	101	613
3188	146	449
3199	265	336
3202	56	535
3203	232	680
3247	333	465
3270	304	150
3296	20	329
3307	55	582
3318	336	337
3351	187	417
3367	276	452
3369	159	670
3377	293	317
3423	91	741
3427	287	417
3434	36	47
3448	312	54
3458	217	364
3475	295	377
3487	255	472
3510	141	581
3513	164	374
3575	99	464
3600	85	658
3601	18	670
3616	53	145
3617	323	67
3661	114	580
3664	36	666
3666	121	540
3684	212	410
3688	340	98
3694	239	449
3710	136	605
3726	87	580
3744	292	592
3755	276	452
3761	134	493
3774	123	464
3774	126	459
3793	129	432
3829	308	655
3836	161	758
3840	162	599
3853	170	679
3856	287	417
3868	52	587
3871	303	484
3899	312	797
3933	142	602
3937	335	357
3977	95	598
4005	348	636
4005	291	10
4074	218	691
4088	296	487
4099	187	417
4107	63	645
4126	153	460
4163	78	389
4192	171	632
4194	148	322
4195	146	418
4252	304	637
4254	287	349
4264	157	351
4272	24	659
4319	314	78
4337	340	550
4393	66	772
4422	239	457
4426	31	581
4433	267	605
4445	299	46
4454	198	593
4517	352	484
4544	129	341
4563	23	672
4563	29	612
4597	50	193
4608	95	379
4646	41	543
4646	38	599
4646	32	659
4679	305	318
4681	224	530
4707	121	737
4721	101	427
4730	17	460
4738	185	689
4742	257	346
4758	192	717
4794	47	647
4799	138	467
4805	302	372
4814	153	460
4820	127	602
4826	246	401
4827	141	363
4829	310	422
4862	307	488
4870	303	93
4877	69	461
4879	39	779
4915	180	612
4924	48	660
4926	30	697
4935	324	405
4940	156	577
4956	93	765
4956	96	748
4962	34	635
5062	19	767
5074	114	730
5096	20	754
5106	34	635
5145	96	748
5165	342	414
5184	253	440
5191	211	563
5195	114	435
5195	134	596
5204	135	341
5246	302	346
5254	86	778
5280	288	371
5293	307	627
5322	290	354
5326	68	449
5326	228	449
5327	146	449
5338	298	325
5346	49	121
5360	236	546
5380	304	417
5443	223	377
5461	192	560
5548	194	568
5585	114	435
5593	119	582
5615	87	793
5623	144	792
5623	163	793
5623	131	793
5625	255	472
5625	255	472
5688	98	575
5704	297	547
5769	85	433
5842	291	470
5855	142	287
5874	344	516
5888	296	492
5910	265	401
5928	295	521
5956	129	432
5959	276	395
5997	101	427
6075	299	403
6082	92	470
6084	191	457
6106	113	356
6115	311	733
6125	97	757
6135	263	105
6186	127	390
6202	244	331
6225	62	729
6259	147	468
6286	286	508
6303	9	564
6378	248	587
6385	60	615
6394	58	214
6401	58	214
6436	281	305
6529	204	381
6555	76	42
6563	58	185
6565	214	702
6609	64	445
6616	185	456
6643	63	121
6679	105	62
6694	68	793
6719	293	434
6731	300	430
6738	287	403
6740	202	553
6741	125	8
6747	290	354
6755	303	232
6782	347	583
6782	347	583
6819	58	306
6823	12	728
6865	296	460
6868	218	596
6880	305	365
6894	304	421
6903	240	472
6911	226	364
6943	60	139
6952	79	722
7065	204	5
7065	213	5
7065	186	794
7065	179	794
7102	255	417
7134	75	569
7154	291	342
7173	55	62
7180	101	613
7193	291	331
7221	46	365
7232	246	422
7234	302	372
7238	55	582
7253	234	462
7287	126	619
7308	119	591
7336	78	389
7385	313	703
7390	234	423
7426	237	27
7443	340	535
7470	57	265
7518	185	26
7552	288	372
7563	340	98
7588	264	755
7624	314	78
7628	28	267
7652	272	313
7658	308	471
7660	73	430
7660	99	456
7674	278	354
7705	146	489
7726	57	265
7729	195	373
7737	270	575
7857	117	566
7948	307	133
7948	310	106
7990	191	457
8020	311	752
8031	92	743
8054	299	403
8060	208	425
8060	209	425
8125	161	360
8144	79	97
8156	191	540
8176	265	437
8203	291	470
8224	239	449
8253	40	42
8265	343	471
8265	10	508
8265	330	112
8277	79	507
8317	123	464
8332	109	438
8347	95	379
8368	211	800
8419	304	274
8426	311	722
8443	101	361
8448	108	456
8477	144	396
8507	241	463
8535	344	594
8556	54	406
8604	42	522
8638	301	324
8666	300	583
8708	166	400
8710	249	367
8767	244	767
8767	244	766
8780	178	559
8789	182	623
8791	12	755
8819	248	379
8829	111	424
8849	260	485
8852	301	391
8854	226	431
8870	178	598
8874	341	582
8878	236	764
8881	328	674
8936	21	312
8936	22	690
8967	138	588
9006	204	762
9030	217	379
9050	296	304
9052	144	396
9077	341	487
9103	289	325
9107	55	798
9117	40	480
9131	137	84
9148	288	705
9150	267	385
9154	66	64
9168	73	430
9200	235	438
9222	227	719
9254	208	44
9281	116	374
9294	135	488
9360	136	26
9455	186	551
9459	56	120
9464	167	670
9480	219	546
9485	322	154
9550	184	398
9612	245	412
9635	247	385
9678	60	666
9695	78	436
9722	39	779
9733	309	336
9744	114	642
9750	34	635
9764	267	351
9815	160	468
9855	186	380
9870	346	304
9870	347	304
9907	56	120
9932	114	642
9937	31	732
9968	166	591
