1	289	319
38	224	637
93	288	459
116	126	268
123	302	322
126	288	250
131	268	253
140	299	215
158	305	303
161	175	447
165	272	442
240	251	653
256	257	235
277	282	189
278	175	270
301	325	686
301	325	593
319	143	290
330	70	276
347	331	689
384	21	316
393	268	313
448	208	177
457	80	447
487	47	311
513	97	431
530	271	634
534	289	303
546	281	78
552	197	255
554	264	352
573	307	443
604	279	550
643	90	271
643	77	220
679	102	264
695	305	522
718	25	278
729	193	240
737	276	181
744	218	207
754	97	719
798	206	270
823	100	218
833	295	369
837	273	213
839	257	201
854	114	225
856	289	234
960	273	186
963	276	208
969	326	610
982	183	645
986	127	274
1006	266	321
1016	197	234
1030	50	553
1050	128	429
1145	293	282
1152	80	275
1158	219	351
1166	162	373
1171	116	455
1191	294	284
1199	84	283
1210	257	235
1255	99	210
1261	294	245
1278	109	278
1297	116	455
1303	276	208
1304	30	170
1321	250	224
1323	44	437
1354	325	599
1355	96	267
1390	60	334
1418	15	420
1461	301	290
1473	24	215
1526	264	342
1534	258	256
1535	316	419
1551	318	662
1583	280	311
1641	282	243
1652	323	680
1674	44	261
1678	266	94
1721	29	326
1727	128	262
1744	251	628
1774	44	437
1803	185	352
1803	178	375
1815	318	467
1843	322	586
1900	326	558
1930	205	432
1934	258	299
1957	267	377
1962	89	288
1993	326	558
2012	33	37
2032	72	402
2041	204	253
2048	324	274
2058	8	667
2063	250	252
2080	71	285
2081	80	200
2116	326	601
2123	82	192
2126	265	52
2141	87	272
2146	106	198
2170	67	264
2176	81	444
2197	277	368
2254	106	369
2258	91	241
2258	91	242
2297	126	255
2302	287	228
2307	281	268
2337	301	445
2366	307	467
2369	265	216
2377	266	229
2391	225	653
2399	225	332
2418	9	218
2421	314	620
2430	147	275
2431	79	214
2442	266	229
2484	229	256
2495	303	462
2509	162	373
2523	267	616
2544	274	178
2563	274	87
2589	197	255
2637	143	266
2655	154	394
2659	42	277
2678	326	520
2689	325	686
2713	98	224
2721	284	373
2740	283	343
2758	251	168
2784	139	435
2798	102	382
2823	268	182
2842	267	677
2844	264	342
2872	295	317
2875	265	368
2906	40	204
2918	151	280
2929	338	571
2952	48	293
2977	183	645
2990	250	224
2991	79	251
3003	144	232
3010	180	620
3012	113	214
3013	288	350
3036	219	351
3041	225	200
3068	23	298
3099	292	168
3105	165	549
3115	81	233
3142	55	417
3177	172	555
3181	15	286
3216	263	193
3216	265	224
3220	330	642
3220	326	520
3236	151	384
3254	245	283
3284	279	93
3293	328	623
3305	227	232
3319	186	271
3369	108	543
3412	183	623
3433	306	316
3451	326	610
3474	123	397
3487	42	197
3493	29	321
3499	173	548
3522	326	532
3524	101	203
3533	143	541
3615	258	274
3617	301	67
3617	239	205
3621	9	266
3625	217	317
3625	210	249
3635	4	305
3642	222	628
3695	57	196
3702	67	264
3735	328	623
3735	319	445
3745	98	224
3764	294	302
3776	297	663
3795	285	360
3817	15	19
3821	324	617
3838	146	370
3841	46	224
3861	292	223
3899	324	686
3912	258	287
3913	323	647
3931	87	272
3937	25	714
3944	25	278
3948	38	290
4003	320	572
4004	72	185
4015	305	522
4021	278	381
4022	18	262
4064	7	292
4074	286	152
4088	293	348
4140	59	274
4154	56	404
4157	275	275
4171	317	568
4190	265	531
4200	57	301
4227	289	234
4246	150	685
4249	333	519
4270	143	266
4334	61	183
4356	31	295
4373	38	231
4376	301	259
4440	290	478
4468	225	200
4477	70	473
4506	281	457
4507	81	444
4648	270	197
4648	273	236
4686	122	387
4698	314	626
4698	305	522
4701	223	323
4716	283	198
4717	137	232
4731	77	256
4739	324	678
4740	322	586
4752	123	397
4781	218	337
4891	256	179
4893	217	656
4932	309	643
4982	40	204
4987	319	622
5002	80	200
5005	57	424
5038	193	225
5040	281	254
5047	144	246
5049	79	214
5162	139	369
5172	180	238
5172	29	327
5173	197	292
5226	307	255
5230	276	181
5271	125	369
5280	239	628
5289	189	588
5292	335	25
5292	208	177
5307	163	73
5318	285	182
5322	217	214
5338	288	350
5356	302	339
5379	315	641
5381	89	288
5397	8	20
5416	26	195
5442	29	229
5470	83	303
5516	89	259
5540	24	215
5542	95	195
5542	277	249
5548	168	389
5580	127	435
5591	32	282
5629	61	183
5689	253	213
5709	70	276
5729	64	286
5752	184	390
5756	253	190
5769	49	279
5778	282	223
5844	253	213
5849	103	576
5870	83	289
5879	196	391
5901	176	568
5929	21	188
5975	278	381
5978	262	328
5986	111	219
6015	92	215
6022	303	462
6081	296	344
6099	274	104
6151	107	237
6154	274	178
6162	283	255
6185	302	373
6227	87	187
6299	47	192
6317	321	395
6371	143	390
6385	68	205
6413	80	275
6421	77	256
6452	267	377
6479	40	321
6506	325	593
6521	231	215
6559	210	233
6577	92	215
6598	186	292
6603	251	168
6613	143	266
6634	104	220
6651	261	294
6656	137	228
6658	261	242
6721	91	242
6777	247	177
6791	82	186
6822	99	191
6837	248	307
6840	302	355
6843	42	411
6844	176	568
6852	126	547
6879	81	297
6893	34	200
6915	283	255
6944	168	389
7019	17	9
7029	227	242
7069	11	256
7113	215	300
7116	76	465
7127	239	255
7160	275	275
7168	307	350
7188	296	344
7188	268	313
7191	280	403
7196	252	185
7197	296	344
7234	281	232
7241	43	186
7244	99	191
7244	30	170
7269	218	337
7313	85	248
7349	112	215
7357	88	198
7361	292	223
7365	278	226
7368	172	555
7403	151	446
7410	118	561
7422	86	220
7428	55	213
7447	281	254
7465	147	275
7478	69	376
7491	34	200
7496	273	289
7538	90	300
7554	195	381
7622	115	548
7625	92	198
7627	319	622
7635	285	360
7662	107	237
7666	55	410
7698	87	205
7710	87	187
7723	330	642
7723	15	19
7742	88	198
7761	31	295
7774	84	718
7775	57	196
7780	269	357
7827	197	234
7832	315	24
7906	145	428
7946	277	194
7955	152	258
7961	305	384
7969	13	196
7973	224	312
7999	264	352
8055	18	247
8080	166	349
8086	90	253
8095	117	209
8108	105	397
8110	270	521
8120	332	531
8200	88	198
8202	293	47
8216	90	253
8234	80	262
8236	311	380
8243	95	277
8293	271	53
8300	311	324
8303	14	213
8311	147	233
8319	120	375
8372	281	268
8407	242	510
8414	314	362
8419	234	613
8477	259	282
8524	143	390
8592	80	262
8602	16	274
8620	196	391
8685	57	301
8687	127	410
8726	70	473
8733	277	368
8735	94	203
8740	322	461
8763	183	569
8775	247	200
8781	205	354
8796	319	524
8803	180	284
8822	305	308
8896	228	391
8896	118	561
8922	107	237
8931	275	684
8940	265	180
8944	214	286
9006	165	549
9007	152	258
9035	317	547
9086	284	210
9092	124	295
9094	203	673
9106	71	289
9162	107	259
9192	274	87
9198	302	355
9263	202	199
9276	113	214
9289	262	275
9300	268	484
9301	175	270
9316	257	201
9340	83	289
9342	298	304
9346	127	410
9347	243	360
9389	319	445
9392	48	293
9416	317	335
9433	265	180
9435	228	391
9441	210	218
9445	262	275
9473	274	104
9489	227	232
9515	318	467
9533	68	205
9554	138	379
9558	21	344
9561	21	188
9570	106	300
9573	309	426
9614	322	363
9623	273	203
9624	330	234
9671	205	432
9683	30	182
9727	96	284
9732	310	532
9764	220	281
9854	126	559
9861	7	292
9924	122	393
9961	231	215
9978	324	211
9986	55	428
