10	246	407
15	176	250
26	286	86
50	102	401
69	220	238
71	87	410
89	246	289
90	278	57
98	270	528
121	14	39
125	267	608
140	263	273
143	51	310
171	252	371
207	76	437
213	266	13
213	326	326
236	118	313
237	75	599
274	74	425
336	234	307
345	119	288
358	66	426
408	188	378
412	46	459
429	111	81
448	113	423
453	244	211
469	350	214
469	353	207
493	162	238
508	130	334
517	108	220
573	310	124
588	303	88
629	257	401
652	231	617
716	254	313
744	109	396
803	26	602
803	26	602
837	63	393
873	189	624
885	222	136
928	289	131
967	73	383
970	28	620
972	238	381
1011	227	211
1016	129	367
1028	263	601
1038	85	587
1038	86	586
1063	56	34
1065	244	211
1074	214	321
1110	258	276
1130	43	512
1199	211	315
1244	297	594
1246	58	413
1255	199	381
1259	76	437
1269	102	401
1303	60	399
1322	36	438
1368	191	402
1369	16	463
1386	340	29
1394	69	413
1395	26	601
1408	111	295
1417	42	341
1422	229	622
1434	287	380
1476	279	82
1497	192	385
1501	20	90
1515	343	416
1538	246	345
1541	345	437
1656	346	260
1666	310	84
1672	184	324
1685	229	300
1711	287	541
1744	122	75
1759	86	431
1760	339	411
1776	261	302
1781	273	468
1786	129	252
1788	266	347
1796	286	86
1800	298	25
1810	206	346
1829	179	226
1845	167	364
1855	88	191
1928	103	276
1942	207	594
1946	46	49
1968	112	307
1978	246	407
2081	211	388
2123	210	395
2158	40	98
2166	141	362
2207	74	180
2208	205	375
2233	34	67
2241	80	596
2302	208	324
2319	201	346
2327	111	68
2348	97	325
2358	52	418
2376	113	365
2380	234	232
2399	121	277
2418	244	306
2422	58	404
2439	39	546
2477	102	285
2493	215	202
2525	110	337
2589	223	350
2589	133	346
2599	208	302
2605	302	20
2641	233	379
2654	118	301
2655	172	232
2713	200	369
2719	202	256
2719	111	68
2730	102	49
2733	113	365
2740	82	266
2781	68	402
2786	224	601
2809	81	254
2811	73	376
2820	77	209
2820	270	577
2827	265	309
2866	297	629
2893	151	330
2923	286	247
2930	271	502
3000	19	445
3047	110	251
3068	250	302
3117	129	367
3134	188	7
3134	44	523
3157	334	438
3182	270	520
3203	7	613
3212	274	493
3238	87	431
3243	267	552
3283	318	322
3325	188	246
3369	210	139
3369	210	139
3380	151	200
3380	236	118
3390	177	111
3398	78	124
3408	216	595
3420	82	231
3444	353	252
3472	50	24
3479	278	57
3485	194	316
3493	246	289
3543	188	378
3561	244	306
3562	223	313
3572	176	250
3623	32	89
3634	268	325
3646	169	209
3665	295	484
3674	134	205
3723	62	381
3745	200	369
3786	194	602
3791	299	96
3885	147	260
3907	118	301
3937	15	250
3943	251	405
3944	248	318
3964	74	236
3988	127	328
3990	167	133
3992	226	278
3995	50	7
3995	65	538
4004	217	399
4005	316	412
4005	233	17
4005	47	28
4045	186	9
4065	246	407
4078	144	337
4083	339	411
4103	48	621
4108	113	423
4159	179	226
4200	229	300
4328	211	359
4332	218	301
4353	194	602
4360	39	321
4373	240	360
4378	303	88
4397	239	301
4412	60	382
4416	202	17
4416	130	6
4416	304	552
4416	319	485
4474	261	106
4511	106	363
4525	23	429
4556	192	351
4557	310	84
4575	116	352
4625	83	352
4645	112	372
4649	110	337
4660	63	262
4686	192	239
4752	191	232
4763	328	23
4774	242	322
4832	117	382
4835	209	213
4860	110	36
4867	251	405
4890	244	623
4891	146	343
4911	53	408
4929	243	384
4994	253	602
5042	55	604
5047	311	75
5052	193	361
5066	177	199
5077	7	475
5091	346	39
5091	346	40
5104	243	218
5105	110	251
5145	281	77
5146	298	452
5160	110	404
5162	73	263
5162	179	253
5188	346	260
5189	353	252
5193	12	79
5227	261	98
5228	175	311
5231	271	502
5246	60	399
5264	112	372
5267	46	166
5271	189	251
5276	177	219
5279	262	246
5311	180	165
5322	117	324
5340	266	347
5408	120	309
5421	34	159
5423	270	520
5436	198	195
5474	69	413
5514	263	266
5515	207	334
5564	280	23
5581	207	609
5621	118	301
5681	95	417
5689	227	382
5691	64	409
5723	172	332
5730	280	379
5750	250	302
5805	256	408
5821	222	376
5911	215	221
5918	208	324
5921	329	12
5921	346	447
5922	221	201
5929	251	392
5942	111	295
6011	55	604
6015	203	376
6018	207	384
6021	19	474
6028	345	224
6029	125	304
6045	354	122
6059	236	118
6108	326	191
6134	302	490
6137	298	617
6161	221	201
6168	288	385
6207	106	86
6214	275	460
6214	84	75
6264	203	235
6283	253	602
6285	275	460
6286	84	241
6312	69	126
6338	55	379
6360	172	332
6368	266	13
6372	278	512
6427	17	186
6428	170	205
6496	94	222
6510	263	285
6577	203	376
6603	76	437
6636	238	618
6654	141	78
6683	265	568
6698	82	85
6738	192	351
6741	352	73
6766	332	423
6856	238	618
6867	109	142
6893	171	353
6895	118	42
6896	82	94
6896	274	476
6902	258	327
6902	118	313
6994	138	206
7009	26	602
7023	270	520
7029	110	321
7053	258	619
7061	294	64
7091	66	561
7094	73	363
7099	12	79
7112	87	135
7113	125	304
7122	132	317
7223	331	48
7297	151	330
7298	267	608
7339	15	250
7357	279	82
7372	167	255
7400	261	106
7407	258	619
7431	245	357
7480	98	353
7483	68	146
7500	73	376
7554	144	240
7556	97	75
7580	188	7
7593	193	392
7627	353	207
7661	127	348
7670	284	69
7698	207	384
7705	206	298
7738	49	259
7760	124	236
7788	156	324
7789	220	219
7801	258	378
7829	72	409
7834	59	419
7868	258	619
7906	179	211
7923	291	306
7923	238	318
7925	192	351
7937	75	617
7983	227	390
7988	111	295
8008	254	313
8012	15	249
8020	243	218
8055	284	69
8086	310	65
8086	162	238
8087	206	346
8104	240	310
8187	327	226
8226	65	252
8230	82	85
8233	133	68
8244	347	119
8258	63	262
8265	306	569
8279	39	219
8282	233	18
8296	204	314
8336	221	330
8351	317	542
8399	8	5
8402	76	358
8483	339	411
8558	229	231
8597	314	465
8651	55	379
8678	62	375
8712	50	431
8765	196	333
8777	177	199
8781	141	263
8791	12	252
8835	269	213
8835	269	213
8895	55	591
8899	230	225
8917	197	211
8963	165	247
8977	298	415
8983	304	467
8984	207	372
8987	259	317
8992	84	75
9006	173	133
9098	82	231
9103	71	418
9107	345	144
9117	247	232
9130	124	236
9133	314	301
9242	57	507
9312	201	292
9314	171	353
9320	345	224
9325	70	243
9332	183	335
9340	287	79
9357	267	360
9383	31	247
9423	199	381
9500	205	375
9545	308	526
9561	251	392
9573	85	364
9675	82	114
9675	77	209
9675	270	577
9705	38	571
9727	204	314
9788	235	594
9824	273	468
9824	78	124
9840	307	236
9841	63	578
9854	199	129
9919	81	254
9948	304	589
9958	100	324
9969	19	465
9979	5	578
