1	305	443
34	349	806
89	102	454
97	311	369
118	246	311
122	288	9
126	317	351
131	297	358
147	318	338
151	118	748
154	245	413
231	113	360
235	142	447
273	312	357
274	289	295
326	325	319
326	323	438
330	132	426
345	109	438
348	96	95
360	326	386
362	146	449
365	149	578
389	309	313
411	336	454
414	286	438
435	145	342
441	218	380
448	129	189
448	247	276
467	115	315
498	301	455
525	147	798
542	246	336
551	285	352
559	260	413
561	286	341
640	300	295
684	287	384
695	329	132
716	90	423
721	181	536
723	172	402
743	295	470
744	254	312
775	140	392
795	151	307
807	233	16
816	245	463
817	310	408
832	206	437
835	222	405
839	207	735
852	316	301
931	132	426
939	267	322
948	194	182
964	296	320
989	103	545
996	167	410
996	191	390
1011	126	576
1020	173	316
1031	306	319
1047	325	445
1055	143	395
1063	346	702
1144	280	395
1152	139	424
1176	310	350
1179	146	186
1182	307	361
1188	243	726
1191	29	128
1200	255	386
1207	33	171
1236	246	754
1244	350	526
1251	334	408
1263	286	507
1271	253	393
1288	314	789
1300	44	118
1303	310	300
1317	42	103
1325	272	377
1356	326	18
1362	75	316
1373	288	466
1401	295	39
1406	102	433
1406	101	351
1464	273	781
1471	286	362
1509	88	317
1521	297	332
1522	138	581
1526	280	395
1531	90	440
1560	318	385
1560	318	385
1578	164	386
1583	297	432
1590	35	76
1641	312	344
1672	177	423
1693	199	409
1710	115	431
1760	30	561
1772	288	455
1797	299	48
1810	262	422
1811	134	420
1832	194	182
1836	245	474
1837	39	193
1843	34	240
1855	296	490
1864	32	93
1877	140	362
1903	271	431
1903	96	396
1903	81	313
1915	305	474
1932	107	335
1941	273	781
1941	281	294
1950	312	609
1978	40	241
1990	245	25
1993	43	220
2002	123	562
2020	133	363
2025	312	357
2034	137	562
2046	90	401
2047	193	357
2132	312	357
2148	246	345
2172	90	412
2204	38	335
2222	230	734
2252	136	314
2255	301	455
2275	172	730
2298	175	428
2314	107	326
2330	139	424
2348	326	407
2350	295	352
2358	319	273
2361	191	581
2375	143	662
2377	297	332
2387	81	313
2399	252	459
2408	236	371
2417	96	95
2420	287	290
2420	284	475
2421	137	142
2421	139	160
2422	311	292
2423	272	733
2453	262	393
2479	297	432
2484	322	145
2490	310	272
2525	284	448
2541	115	315
2572	249	738
2578	262	436
2579	151	322
2613	296	28
2658	284	484
2669	248	7
2680	272	414
2687	318	38
2689	36	290
2724	326	386
2724	319	255
2738	254	364
2740	295	470
2749	145	407
2760	295	289
2781	300	295
2784	311	500
2795	312	742
2798	151	537
2827	78	433
2829	81	563
2832	311	481
2856	75	307
2875	101	365
2920	312	344
2924	308	111
3011	84	325
3020	296	320
3050	32	219
3051	282	77
3064	136	451
3103	113	327
3107	311	392
3181	263	379
3182	87	307
3205	285	304
3208	321	47
3212	284	461
3223	202	353
3224	144	422
3264	150	426
3271	264	321
3271	102	420
3273	238	340
3292	96	417
3293	130	140
3297	143	358
3431	83	395
3433	156	318
3433	323	438
3454	113	337
3475	306	338
3483	272	407
3489	286	260
3489	286	275
3493	102	454
3506	288	266
3562	145	342
3582	241	355
3617	109	418
3624	312	441
3625	246	447
3637	130	587
3690	115	315
3702	129	412
3744	32	93
3756	181	577
3815	145	356
3817	151	386
3832	244	768
3842	102	399
3856	297	397
3863	273	333
3865	271	431
3876	129	553
3882	236	778
3899	315	664
3899	36	166
3908	287	384
3932	89	17
3938	235	741
3955	289	390
3961	212	335
3962	46	176
3964	306	507
3967	305	495
3972	150	349
3977	78	583
3995	187	335
4029	156	328
4069	142	155
4108	247	276
4111	77	357
4123	186	557
4139	218	351
4163	311	14
4171	284	461
4195	76	325
4196	288	282
4255	267	322
4305	108	396
4315	253	446
4333	153	699
4349	142	439
4397	301	419
4447	42	103
4447	28	117
4452	262	422
4452	88	332
4461	114	556
4521	33	246
4549	283	400
4560	143	314
4565	285	312
4583	29	128
4595	311	331
4621	198	381
4648	306	338
4649	284	448
4663	297	55
4673	312	279
4685	90	393
4706	187	383
4726	144	458
4731	41	258
4732	255	732
4739	34	193
4769	289	377
4773	109	431
4793	312	279
4803	112	727
4835	35	257
4835	327	39
4849	144	432
4883	252	723
4932	76	462
4942	286	392
4950	37	167
4953	130	587
4964	69	561
4977	317	584
4982	284	425
5020	38	335
5026	325	460
5042	126	576
5046	198	437
5065	226	404
5134	129	412
5144	77	422
5170	176	363
5180	246	447
5293	36	111
5293	283	500
5298	77	401
5306	248	7
5331	283	327
5341	193	682
5351	330	74
5357	176	363
5359	131	317
5376	315	400
5424	334	408
5424	72	30
5434	143	358
5437	87	307
5453	160	344
5471	28	796
5473	143	368
5480	263	334
5545	238	36
5715	72	329
5725	133	363
5759	197	437
5759	198	437
5767	263	348
5780	253	378
5814	125	346
5848	264	393
5860	253	302
5872	150	364
5884	26	320
5886	159	144
5892	239	751
5899	317	584
5899	262	305
5929	84	325
5933	253	324
5940	28	117
5944	228	747
5962	98	406
5978	279	455
5979	102	445
6011	115	415
6029	245	428
6117	126	25
6148	285	321
6154	312	258
6158	150	414
6173	322	609
6182	283	334
6182	283	400
6214	40	251
6241	115	315
6263	297	12
6269	315	251
6282	224	393
6282	212	335
6286	293	502
6321	304	374
6321	307	374
6328	96	46
6346	312	357
6349	291	39
6350	204	427
6360	272	313
6366	40	241
6385	238	412
6394	247	372
6416	188	629
6489	144	328
6492	327	326
6525	281	407
6528	311	331
6549	183	678
6552	330	12
6556	129	412
6591	309	454
6651	286	260
6651	285	321
6651	284	475
6696	165	149
6696	165	149
6701	299	280
6741	347	637
6741	10	338
6754	317	736
6798	221	382
6830	176	337
6882	312	742
6942	301	419
6957	221	382
6968	67	457
6992	291	39
6993	134	357
7031	245	474
7035	218	351
7051	90	347
7080	256	342
7090	156	318
7101	36	122
7111	263	334
7165	75	316
7174	35	176
7189	286	438
7205	217	409
7209	202	655
7209	202	655
7217	137	321
7227	37	454
7323	177	535
7361	325	319
7361	312	381
7365	310	324
7407	233	16
7411	149	578
7428	113	347
7436	262	460
7436	115	447
7450	35	296
7470	286	362
7475	38	188
7482	246	404
7530	46	336
7543	245	463
7599	245	428
7642	188	383
7674	285	312
7718	101	338
7723	305	386
7763	274	446
7774	11	355
7832	239	700
7850	164	386
7896	305	386
7897	297	311
7908	317	506
7925	164	386
7928	263	367
7947	310	428
7951	330	283
7951	328	284
7959	312	308
7996	64	422
8069	328	55
8071	20	423
8140	317	364
8154	237	397
8170	36	77
8175	272	414
8194	317	759
8262	333	491
8267	87	24
8289	333	38
8338	263	379
8383	82	340
8415	44	118
8415	305	325
8489	90	393
8496	102	394
8497	77	401
8498	305	325
8507	246	404
8510	289	377
8511	288	496
8521	83	438
8579	228	747
8628	77	444
8638	310	272
8642	165	149
8674	76	325
8747	317	736
8754	265	286
8784	289	295
8788	183	678
8792	254	430
8812	317	736
8820	262	422
8823	156	328
8836	193	682
8864	316	264
8865	312	470
8873	289	295
8886	106	343
8895	245	413
8996	318	116
9001	103	463
9030	319	579
9030	320	579
9090	76	342
9137	169	402
9156	252	469
9162	237	397
9163	54	325
9174	256	413
9187	272	733
9190	67	328
9207	173	316
9242	37	167
9259	310	300
9290	145	420
9294	136	451
9303	256	342
9323	199	413
9342	316	424
9393	317	497
9394	253	378
9394	254	364
9415	332	18
9421	142	155
9428	238	468
9435	75	336
9484	320	293
9485	330	74
9503	160	344
9628	34	240
9630	151	335
9663	310	408
9675	287	290
9728	247	297
9766	126	311
9780	296	407
9798	86	31
9832	335	282
9837	297	55
9845	304	489
9890	143	358
9919	296	490
9920	84	446
9976	169	154
9977	244	768
9981	301	412
9989	109	418
9990	109	431
9991	108	803
