11	127	140
34	348	18
34	347	18
46	221	104
54	208	328
61	137	106
72	259	100
75	354	217
75	93	397
80	143	186
93	285	80
126	327	367
149	277	61
155	22	145
210	164	274
235	55	234
263	323	65
263	53	70
304	82	263
311	117	282
314	321	309
321	227	74
323	113	352
371	188	278
413	297	53
413	27	59
435	320	323
443	89	102
457	183	383
460	111	302
460	111	302
503	153	194
514	233	397
540	299	80
542	148	79
546	98	171
566	122	371
585	321	309
586	262	57
594	299	94
594	304	94
602	321	80
641	178	270
649	291	81
690	135	351
730	114	310
752	60	271
754	130	396
792	103	224
795	236	165
843	194	238
848	336	343
872	175	321
887	315	378
897	326	272
901	87	349
936	299	59
960	316	288
983	150	321
991	131	100
993	308	164
1019	182	49
1019	157	50
1073	93	193
1074	54	215
1081	148	87
1124	88	222
1125	320	163
1184	105	373
1193	58	200
1197	319	391
1198	193	186
1239	285	66
1254	313	360
1311	215	74
1411	58	158
1414	27	92
1420	207	364
1436	200	266
1444	320	365
1451	161	191
1473	122	310
1527	73	285
1594	317	276
1657	220	322
1674	271	49
1674	189	51
1699	243	200
1739	80	270
1762	63	205
1771	311	151
1839	265	72
1854	248	58
1879	124	350
1910	326	318
1973	309	311
2007	155	72
2025	322	374
2030	63	240
2081	41	139
2102	115	342
2137	113	359
2148	130	182
2167	260	92
2198	221	72
2198	310	70
2313	245	271
2316	294	260
2319	61	187
2358	326	289
2390	333	334
2431	43	153
2450	285	325
2453	123	57
2461	256	292
2461	311	151
2463	114	310
2464	220	322
2464	220	322
2465	234	95
2486	140	61
2507	111	164
2524	194	238
2548	129	361
2579	327	339
2611	188	271
2641	216	93
2643	51	184
2685	327	381
2690	189	56
2696	249	94
2721	227	100
2721	227	100
2836	104	316
2837	285	389
2875	198	103
2915	333	334
2943	310	70
2968	326	272
2982	204	192
3037	145	195
3049	123	66
3056	160	305
3078	140	53
3086	45	125
3094	312	271
3124	154	87
3137	153	194
3177	175	321
3197	164	112
3197	156	113
3204	136	361
3206	58	187
3210	274	70
3221	211	220
3228	110	379
3228	110	380
3255	190	208
3256	113	358
3256	113	359
3262	147	140
3267	178	96
3271	124	82
3388	258	51
3401	54	131
3421	127	114
3421	130	113
3460	33	71
3527	200	75
3591	82	270
3600	221	169
3614	320	163
3627	269	172
3651	165	90
3673	153	57
3713	90	280
3802	311	348
3842	265	97
3863	119	106
3915	250	86
3944	248	58
3945	104	300
3959	154	229
3965	149	167
4003	28	98
4043	182	49
4061	251	68
4070	313	360
4076	317	276
4095	101	124
4129	250	52
4153	104	210
4157	52	149
4164	90	285
4186	159	125
4254	129	133
4329	285	66
4334	244	47
4339	238	54
4352	91	340
4379	32	86
4382	221	72
4384	102	244
4457	308	283
4527	103	310
4556	226	65
4570	207	320
4575	177	88
4586	270	352
4610	57	307
4673	320	297
4849	59	223
4853	16	58
4945	68	88
4948	154	184
5027	42	74
5028	48	211
5072	254	59
5102	204	82
5106	184	90
5138	196	62
5162	112	336
5168	104	316
5183	41	131
5232	92	289
5241	147	49
5255	131	100
5255	144	100
5314	24	66
5385	141	310
5387	184	266
5415	262	57
5427	165	59
5439	48	254
5458	182	75
5473	53	163
5510	333	373
5512	311	341
5525	26	28
5556	178	96
5622	129	75
5629	207	364
5705	313	353
5731	120	112
5740	49	192
5780	142	92
5792	188	318
5792	145	388
5801	352	11
5877	111	111
5895	199	349
5910	117	74
5922	183	383
5945	251	68
5949	214	81
6022	147	49
6022	186	105
6031	30	65
6032	299	59
6032	30	65
6134	354	249
6199	93	324
6258	64	216
6332	159	125
6333	189	69
6338	112	290
6344	90	245
6364	109	176
6366	270	352
6383	147	147
6389	125	283
6400	136	361
6415	310	319
6420	244	89
6424	171	327
6464	326	302
6466	134	371
6477	96	296
6487	309	326
6548	190	76
6626	175	349
6637	69	281
6703	254	59
6749	177	56
6753	112	395
6755	80	338
6788	322	360
6798	304	336
6804	216	66
6808	291	48
6808	21	54
6836	318	315
6840	322	360
6853	77	143
6869	256	292
6893	189	56
6930	49	192
6931	234	59
6952	294	86
6952	27	92
6980	122	371
7001	213	51
7009	57	64
7016	186	105
7039	265	97
7064	237	276
7082	134	67
7089	154	184
7099	223	205
7135	101	124
7136	57	144
7148	109	176
7234	321	348
7274	60	211
7278	108	345
7278	46	206
7286	272	194
7361	333	334
7378	109	59
7402	158	81
7409	145	315
7422	49	157
7473	46	240
7474	50	238
7527	123	228
7532	272	56
7542	140	53
7569	175	349
7581	89	244
7618	294	260
7631	188	318
7636	49	192
7648	176	90
7651	262	57
7710	43	153
7794	327	27
7810	239	192
7833	129	361
7840	259	354
7918	42	74
7935	218	179
7959	320	323
7985	162	374
8087	42	74
8128	130	89
8136	319	391
8160	313	335
8169	70	312
8203	129	75
8209	213	207
8212	191	97
8251	215	57
8252	190	395
8287	52	58
8306	191	97
8318	258	342
8331	130	89
8340	184	90
8342	33	125
8372	265	72
8379	60	163
8417	304	336
8459	139	146
8463	127	61
8473	271	49
8473	213	51
8489	311	303
8570	281	372
8571	321	375
8614	59	211
8627	233	192
8645	220	322
8645	220	322
8652	44	163
8665	214	81
8687	155	313
8702	304	336
8735	52	139
8819	177	70
8821	48	172
8833	100	341
8856	258	342
8861	106	325
8876	85	396
8927	115	220
8935	318	340
8961	113	358
9087	190	150
9123	138	302
9126	223	205
9143	332	358
9194	42	74
9219	276	93
9221	157	50
9239	203	57
9302	327	354
9314	177	101
9348	89	102
9355	183	333
9387	323	65
9387	54	70
9404	135	382
9409	141	72
9411	189	56
9441	323	341
9482	110	302
9498	272	194
9534	41	131
9547	104	316
9643	267	359
9655	215	57
9685	86	336
9705	98	143
9707	209	184
9720	322	282
9732	55	99
9754	53	151
9763	54	70
9793	155	324
9802	147	49
9805	229	89
9812	252	175
9822	177	56
9836	191	89
9876	234	59
9921	237	89
9956	182	75
9972	320	297
