9	304	251
16	49	784
23	120	328
25	9	273
34	10	263
44	149	640
47	248	769
50	248	270
56	298	284
59	265	391
71	269	438
75	268	818
88	318	547
109	270	47
131	286	316
140	337	248
151	107	731
156	302	785
157	115	533
161	203	555
176	182	352
177	88	368
180	294	270
181	107	530
208	284	310
226	178	657
231	91	330
235	119	408
237	161	782
237	339	59
239	289	375
247	328	319
280	33	793
308	51	401
325	114	304
328	129	385
328	129	385
346	138	489
365	136	546
366	299	383
371	201	738
376	83	530
381	307	285
416	262	313
419	189	546
440	166	498
443	217	339
446	241	305
446	132	496
448	77	431
455	96	560
469	346	110
480	295	319
489	247	656
495	158	495
496	181	524
500	214	417
502	323	646
537	192	481
545	69	499
546	242	781
551	272	311
554	336	117
559	249	360
576	118	571
588	47	746
591	132	638
600	185	708
601	69	383
607	164	317
617	114	325
618	45	380
626	119	355
631	340	230
650	299	232
652	73	60
668	255	757
684	333	710
684	29	210
689	56	347
706	99	525
718	240	326
738	107	739
744	241	277
754	47	820
757	141	517
768	179	342
770	227	697
789	36	10
790	305	390
799	7	795
837	294	270
838	188	490
848	315	287
849	165	543
874	272	517
875	87	324
885	134	648
897	304	223
903	271	653
919	57	383
934	272	249
948	233	487
963	297	263
993	204	311
1005	259	235
1020	153	285
1020	182	389
1025	323	224
1027	50	739
1029	57	419
1035	116	558
1036	228	708
1065	93	553
1073	220	490
1080	152	545
1080	152	544
1107	58	374
1119	136	532
1120	276	358
1122	194	672
1159	337	156
1161	68	538
1163	203	643
1166	188	490
1166	186	488
1179	14	418
1179	231	255
1187	152	651
1235	169	713
1236	259	741
1239	139	345
1259	271	221
1265	295	319
1281	247	708
1282	115	310
1303	297	263
1341	172	487
1369	165	5
1375	317	438
1380	314	591
1422	75	54
1440	40	778
1458	242	377
1460	95	73
1464	292	30
1471	272	321
1476	68	734
1491	72	573
1503	105	558
1507	186	328
1512	260	327
1521	285	274
1543	289	234
1545	131	316
1557	248	270
1590	318	547
1625	78	746
1625	78	763
1639	321	160
1646	18	787
1648	336	92
1656	91	330
1672	156	377
1674	324	646
1678	99	55
1688	277	622
1690	15	427
1706	40	739
1708	329	726
1721	246	368
1723	132	755
1752	77	516
1766	334	790
1772	310	443
1781	51	670
1787	217	339
1793	24	28
1809	73	60
1810	243	724
1817	76	780
1843	26	161
1845	135	753
1865	274	413
1865	125	764
1868	122	530
1893	252	402
1903	278	447
1903	276	404
1931	68	783
1931	87	748
1938	114	511
1941	79	335
1954	122	380
1998	273	347
2025	122	380
2031	295	59
2040	154	710
2071	269	289
2078	197	678
2082	207	743
2086	163	634
2131	153	638
2141	122	380
2164	211	666
2169	295	415
2177	63	393
2199	227	425
2248	259	90
2263	271	399
2288	103	374
2297	181	524
2299	153	505
2333	25	716
2361	181	546
2362	63	524
2366	323	646
2376	240	312
2390	138	284
2392	341	336
2419	330	395
2420	271	229
2420	270	243
2421	333	783
2422	299	257
2447	299	257
2457	278	80
2459	64	776
2473	271	268
2479	289	375
2525	275	391
2541	94	287
2551	266	76
2566	288	108
2579	133	290
2581	242	407
2593	137	364
2602	315	416
2613	258	82
2639	49	556
2662	124	551
2667	203	760
2668	232	262
2670	233	487
2684	279	528
2687	278	88
2689	255	675
2700	330	395
2709	125	408
2714	277	164
2714	109	502
2731	84	345
2769	215	351
2771	159	301
2783	250	314
2798	136	502
2816	228	424
2825	120	788
2831	301	302
2835	287	126
2836	283	74
2843	131	303
2843	307	296
2875	275	442
2883	76	403
2895	245	750
2941	286	364
2968	304	223
2983	249	303
2993	338	674
2998	119	336
3092	148	41
3094	218	377
3101	135	327
3108	268	362
3148	324	57
3151	352	251
3158	136	296
3162	69	754
3167	207	305
3174	56	320
3191	278	430
3191	297	297
3215	224	357
3223	184	318
3243	293	280
3265	301	364
3274	222	300
3281	344	246
3295	256	501
3295	11	748
3300	195	768
3301	282	539
3321	153	638
3333	7	795
3375	267	149
3392	166	587
3411	342	197
3411	341	203
3411	339	170
3423	68	732
3489	271	229
3489	270	243
3506	274	275
3513	175	638
3523	198	649
3530	202	632
3537	264	109
3578	278	447
3597	271	757
3602	68	732
3610	329	653
3615	233	344
3625	234	393
3637	116	558
3674	63	418
3685	317	766
3690	94	287
3733	269	636
3740	286	364
3745	308	337
3747	20	424
3750	296	343
3754	22	593
3759	278	88
3771	11	694
3777	289	375
3781	297	550
3788	173	533
3796	37	757
3796	48	732
3799	228	424
3801	56	395
3809	106	577
3822	226	408
3833	34	798
3853	168	652
3864	125	751
3865	262	377
3895	185	749
3900	331	74
3910	64	776
3913	29	241
3913	340	754
3934	85	328
3955	186	328
3964	273	426
3967	304	440
3977	61	555
4021	287	454
4047	178	745
4053	162	302
4053	250	43
4067	122	285
4076	295	227
4097	83	530
4108	338	674
4108	231	245
4139	203	315
4139	263	41
4152	293	381
4162	45	625
4163	68	734
4171	333	710
4171	29	210
4215	14	792
4231	275	741
4252	324	646
4252	24	222
4283	71	421
4285	207	754
4289	50	532
4294	325	596
4308	288	67
4318	23	261
4349	177	658
4390	30	741
4394	74	293
4405	68	538
4412	94	659
4420	144	454
4427	26	701
4437	63	368
4455	120	373
4460	156	645
4487	253	36
4498	124	778
4525	330	51
4546	31	162
4565	273	276
4575	69	389
4583	113	331
4606	38	633
4621	302	586
4663	131	502
4726	124	418
4740	332	646
4741	331	138
4766	238	718
4767	202	691
4784	300	143
4791	283	231
4793	297	245
4797	297	101
4847	146	496
4849	122	393
4885	192	742
4914	312	384
4932	231	245
4951	330	41
4956	75	767
4982	273	369
5026	321	397
5026	320	397
5042	232	353
5084	33	521
5093	243	724
5107	329	646
5114	314	744
5145	78	746
5145	73	737
5171	190	389
5172	291	773
5186	287	571
5192	260	294
5233	336	748
5237	197	647
5237	346	788
5243	242	377
5244	158	727
5265	122	380
5288	329	595
5288	319	596
5300	328	813
5322	285	274
5331	269	289
5340	293	397
5352	19	390
5357	246	368
5363	286	165
5373	232	360
5376	303	264
5379	105	314
5379	69	426
5387	224	328
5396	252	701
5401	125	408
5402	266	422
5405	295	428
5432	201	341
5434	123	323
5439	30	65
5508	239	351
5517	185	749
5565	272	311
5570	264	405
5598	69	383
5599	332	719
5599	332	719
5605	297	667
5606	240	775
5608	144	454
5614	259	90
5614	238	743
5615	261	786
5621	86	310
5625	63	408
5643	252	89
5659	260	70
5664	128	373
5677	115	310
5690	275	442
5718	58	436
5733	168	537
5744	125	751
5751	238	368
5767	273	347
5768	66	331
5774	260	327
5786	163	354
5795	252	726
5804	249	662
5834	102	401
5838	86	791
5845	183	636
5847	274	413
5868	235	402
5870	156	645
5872	130	330
5874	310	413
5882	61	324
5883	15	427
5886	182	569
5892	250	738
5894	78	43
5921	157	424
5933	239	289
5951	136	308
5969	183	598
5975	287	454
5978	286	441
5995	139	345
5997	261	360
5999	56	369
6006	56	786
6010	329	696
6015	125	324
6018	120	314
6074	14	418
6074	331	675
6101	331	350
6101	63	418
6128	90	645
6136	228	571
6167	141	387
6171	277	381
6182	270	295
6184	72	326
6210	51	401
6216	294	429
6219	285	348
6220	338	137
6242	192	481
6277	271	221
6301	215	481
6360	258	277
6366	170	771
6371	163	354
6397	170	771
6403	65	287
6413	117	385
6423	137	364
6431	309	441
6453	276	301
6458	226	408
6471	209	766
6489	124	297
6503	178	745
6526	302	610
6536	248	270
6560	308	337
6576	172	543
6619	271	235
6629	324	267
6659	333	783
6666	211	571
6689	11	760
6696	331	675
6700	57	383
6716	112	734
6731	302	349
6734	94	370
6750	119	408
6759	124	551
6763	287	571
6763	295	163
6792	273	95
6820	176	560
6836	297	263
6840	301	302
6849	98	724
6885	46	62
6908	15	678
6927	142	361
6929	333	783
6931	200	719
6948	329	646
6959	235	402
6968	201	359
6976	34	378
6993	293	280
7001	319	582
7007	239	679
7009	324	653
7010	95	41
7011	268	157
7019	285	175
7021	297	297
7039	305	362
7064	275	741
7065	65	11
7080	68	375
7091	331	74
7091	311	279
7092	16	723
7103	254	111
7104	208	787
7107	201	341
7143	104	758
7149	197	580
7155	14	792
7157	70	772
7168	315	416
7172	261	691
7180	72	573
7193	284	247
7212	283	794
7227	329	653
7228	72	333
7234	300	291
7235	217	658
7245	302	785
7247	186	380
7248	132	405
7284	180	361
7301	280	30
7318	190	389
7327	284	292
7361	311	279
7374	332	719
7428	92	317
7436	90	411
7436	90	411
7456	267	149
7464	270	71
7481	79	311
7487	16	594
7539	53	632
7547	135	352
7554	65	722
7580	185	482
7612	321	384
7616	229	753
7619	69	499
7630	159	502
7647	261	360
7661	212	748
7691	299	232
7698	120	314
7719	49	77
7755	283	115
7774	290	818
7774	279	819
7774	300	819
7775	123	290
7808	336	748
7813	185	749
7836	141	387
7848	51	374
7850	265	391
7894	332	62
7897	284	274
7903	180	361
7928	250	328
7938	215	351
7947	305	370
7949	332	62
7959	300	271
7973	240	326
7997	267	716
7999	273	426
8000	224	328
8009	237	734
8021	63	393
8032	35	128
8067	301	411
8079	178	508
8081	290	714
8083	63	368
8087	118	744
8103	123	713
8136	293	397
8140	307	319
8146	136	336
8157	258	82
8179	297	88
8205	173	736
8206	312	384
8241	239	707
8257	113	519
8262	226	673
8272	168	344
8279	143	787
8294	109	462
8310	204	776
8310	204	776
8323	234	393
8352	203	760
8378	185	764
8380	312	300
8381	295	428
8387	238	368
8394	234	654
8414	326	817
8418	309	251
8486	337	117
8491	114	325
8497	151	34
8534	80	299
8553	169	362
8566	249	303
8602	62	380
8623	103	345
8627	184	372
8633	68	375
8645	107	522
8662	185	764
8679	110	414
8710	82	379
8716	63	368
8731	260	644
8753	315	287
8763	218	658
8763	217	658
8768	114	511
8777	182	569
8819	238	368
8846	110	427
8856	268	688
8859	132	726
8869	227	651
8870	172	543
8873	275	261
8885	212	748
8893	125	544
8904	183	730
8911	51	670
8919	301	329
8933	143	725
8943	266	422
8948	80	299
9001	345	749
9007	241	690
9018	253	286
9030	37	45
9055	77	687
9086	304	265
9127	235	794
9127	136	317
9154	228	416
9160	73	737
9171	69	400
9174	241	359
9188	44	424
9198	309	424
9207	153	285
9207	182	389
9225	346	106
9264	148	629
9276	26	701
9286	299	232
9303	241	305
9313	297	234
9345	82	409
9391	252	117
9396	267	716
9411	32	120
9413	178	753
9416	203	643
9433	72	333
9438	80	723
9441	88	383
9455	180	480
9478	66	305
9485	298	112
9496	28	240
9504	310	413
9530	233	331
9545	164	788
9552	13	772
9555	28	240
9584	305	394
9613	301	329
9617	260	223
9667	182	556
9670	268	688
9675	258	424
9711	115	751
9722	314	591
9726	143	712
9728	350	55
9728	232	262
9743	251	383
9750	182	352
9782	114	412
9817	161	538
9825	253	57
9839	286	364
9875	118	744
9881	234	416
9893	259	754
9916	31	42
9916	31	42
9928	281	398
9955	215	481
9959	262	313
9988	43	368
9988	72	326
9989	82	401
9994	303	186
9997	169	565
9999	256	645
