13	282	116
44	174	585
56	299	313
71	273	463
87	158	520
88	308	522
88	313	558
89	98	431
98	140	43
104	175	423
109	53	689
126	305	338
149	256	380
154	108	412
158	333	296
180	297	299
181	144	505
203	87	389
226	196	596
256	50	598
263	82	386
273	301	345
289	269	422
328	141	413
328	140	308
343	205	600
345	104	418
346	169	475
347	271	112
379	96	319
419	204	518
424	131	314
427	254	394
453	311	558
455	137	529
462	85	575
479	128	347
483	129	10
495	183	481
498	129	375
521	129	375
528	34	309
534	301	401
563	135	442
576	152	535
586	91	325
588	74	659
601	92	401
629	74	309
630	90	647
638	186	321
681	348	20
683	235	517
684	282	435
693	197	492
700	243	404
719	242	393
721	191	485
731	205	424
741	145	631
754	5	205
754	5	205
754	8	279
763	278	431
798	221	478
798	221	478
799	232	438
815	19	335
815	18	445
830	274	362
838	206	479
844	252	633
885	162	592
893	200	419
897	309	254
899	50	598
926	301	320
959	98	397
964	287	313
965	96	68
1004	92	427
1005	106	19
1008	211	334
1011	244	425
1018	179	534
1023	198	607
1027	45	308
1046	314	116
1054	225	64
1110	337	444
1112	312	361
1115	81	318
1120	281	394
1127	140	298
1147	261	91
1153	209	592
1182	295	348
1202	86	345
1226	258	402
1235	9	475
1235	10	443
1235	344	484
1243	270	452
1246	303	275
1246	135	337
1248	127	330
1255	140	353
1263	284	478
1296	81	318
1315	55	53
1323	134	521
1338	268	410
1341	193	475
1342	244	468
1360	140	54
1365	293	410
1371	337	8
1377	354	157
1398	41	51
1422	75	62
1423	282	116
1443	146	387
1466	340	315
1493	285	52
1495	209	601
1519	353	632
1522	158	520
1528	250	408
1531	87	421
1536	50	525
1539	352	213
1543	296	264
1544	47	325
1549	100	333
1557	258	402
1562	240	304
1596	59	521
1600	236	611
1601	131	506
1623	308	444
1645	339	507
1650	315	74
1662	260	393
1672	168	407
1680	98	534
1690	35	324
1702	334	316
1716	65	350
1731	211	539
1735	59	481
1752	119	493
1757	298	195
1759	268	259
1762	141	404
1764	177	718
1777	169	475
1789	155	595
1791	277	340
1832	240	294
1837	83	84
1837	83	84
1845	75	316
1850	83	514
1855	294	459
1859	301	345
1866	252	619
1900	74	302
1918	213	526
1928	90	316
1945	83	340
1946	184	676
1946	205	676
1959	41	110
1963	53	642
1997	272	478
1998	278	386
2018	269	615
2044	43	227
2044	274	323
2047	189	341
2054	261	61
2065	266	399
2080	298	407
2098	235	434
2101	129	496
2122	209	435
2140	312	699
2147	131	414
2152	273	102
2168	245	633
2170	123	404
2173	272	493
2193	50	495
2199	42	558
2199	43	599
2234	137	410
2234	301	345
2239	311	420
2242	16	433
2290	149	433
2304	287	303
2318	307	184
2330	131	414
2358	309	268
2361	200	519
2362	111	499
2365	79	51
2390	200	419
2390	91	45
2411	41	592
2411	41	551
2422	303	286
2429	52	564
2441	269	62
2460	308	68
2469	71	639
2500	313	88
2505	294	398
2506	119	667
2512	118	320
2518	299	269
2544	302	258
2559	129	435
2578	258	415
2579	307	314
2583	307	453
2599	247	575
2602	312	449
2633	74	302
2641	81	409
2642	265	311
2643	132	385
2647	134	521
2656	289	148
2692	45	414
2707	201	433
2726	235	654
2727	347	704
2733	103	398
2738	81	399
2756	112	314
2769	214	326
2784	306	470
2809	251	423
2826	284	74
2832	307	453
2851	102	391
2856	38	391
2882	133	683
2920	301	332
2928	243	674
2943	48	68
2948	141	436
2973	41	510
2984	85	323
2984	87	335
2986	127	520
2990	274	317
2993	77	430
2998	306	250
3021	164	584
3026	90	340
3036	171	151
3038	82	386
3040	175	328
3064	129	435
3067	59	481
3172	309	377
3181	87	399
3190	353	697
3201	50	549
3212	313	603
3224	137	411
3239	275	389
3246	91	308
3289	286	123
3295	255	491
3299	309	254
3323	286	59
3343	69	673
3358	348	583
3370	189	341
3381	354	707
3389	81	409
3392	47	292
3394	113	393
3406	166	370
3425	311	139
3441	86	496
3452	66	629
3452	66	630
3455	141	387
3461	235	654
3482	203	335
3489	278	271
3506	281	264
3506	281	289
3508	312	436
3515	173	315
3524	115	685
3578	313	638
3583	209	601
3628	279	278
3638	143	671
3655	140	54
3681	164	352
3719	347	681
3734	284	74
3736	125	341
3760	203	566
3800	322	352
3848	286	123
3853	187	593
3869	38	391
3870	246	332
3871	308	444
3879	43	599
3896	183	598
3901	245	341
3904	72	97
3927	209	435
3927	202	294
3944	168	653
3949	36	402
3964	303	476
3967	301	466
3971	289	434
3975	249	492
4005	183	628
4018	180	327
4026	217	638
4028	106	335
4077	24	31
4088	301	446
4094	291	128
4097	126	505
4105	262	75
4136	250	655
4137	287	96
4139	179	342
4141	100	523
4142	320	674
4165	123	326
4170	286	158
4187	299	73
4195	75	316
4213	181	369
4264	222	360
4266	167	384
4272	84	693
4274	75	62
4276	118	482
4295	126	680
4313	38	414
4318	351	206
4332	300	419
4333	174	610
4333	173	609
4349	172	379
4351	262	359
4352	251	617
4356	98	415
4374	284	30
4397	294	398
4411	244	362
4428	86	680
4431	223	425
4437	107	308
4443	36	270
4443	285	440
4451	293	410
4454	165	417
4469	36	402
4500	166	507
4528	66	629
4541	152	403
4562	154	414
4567	179	534
4573	302	163
4603	136	462
4619	67	68
4625	259	436
4629	280	110
4629	290	111
4662	140	54
4670	109	475
4671	267	274
4692	309	437
4708	47	10
4723	98	534
4781	243	418
4791	291	260
4829	315	401
4831	160	490
4836	129	10
4838	302	80
4847	175	481
4849	136	420
4876	266	298
4884	140	341
4892	95	688
4892	95	688
4898	181	495
4907	278	431
4913	280	110
4935	330	427
4940	170	495
4953	104	677
4953	151	525
4953	103	678
4956	95	671
4971	338	362
4980	328	465
5001	303	96
5003	301	454
5011	211	334
5016	42	233
5035	96	328
5040	304	175
5058	131	506
5100	193	555
5120	251	596
5121	167	517
5175	187	708
5191	225	481
5192	290	359
5193	136	359
5200	220	373
5208	59	481
5215	48	666
5246	300	376
5256	120	618
5261	74	309
5264	100	333
5290	299	73
5291	291	260
5292	35	324
5320	72	416
5322	245	341
5330	271	567
5334	197	368
5338	294	315
5412	233	357
5421	168	326
5433	302	80
5443	286	174
5461	206	479
5466	66	659
5485	136	359
5490	108	426
5500	132	369
5504	51	589
5507	264	508
5508	91	325
5533	48	348
5542	296	340
5559	321	77
5563	126	505
5587	246	78
5593	131	506
5600	62	389
5607	73	618
5610	272	673
5625	254	337
5625	87	421
5668	82	413
5691	296	282
5691	295	327
5700	188	329
5703	65	337
5706	258	52
5742	87	421
5759	89	91
5767	135	388
5767	278	386
5834	120	350
5857	302	53
5881	317	460
5899	258	402
5909	100	639
5913	65	337
5916	178	725
5955	99	356
5988	53	298
5995	83	340
6015	136	359
6017	204	531
6019	201	588
6029	243	404
6031	97	341
6034	181	495
6074	240	294
6093	294	367
6110	264	609
6129	102	409
6146	317	11
6148	277	368
6154	302	258
6160	129	491
6169	51	589
6211	342	376
6211	351	622
6224	289	528
6232	288	409
6241	186	725
6265	276	304
6283	52	84
6286	291	472
6291	138	715
6291	345	440
6297	282	116
6305	95	85
6317	292	386
6331	215	346
6332	109	475
6355	116	528
6391	349	560
6438	116	433
6445	344	611
6453	277	329
6465	77	343
6497	60	602
6497	59	562
6508	250	67
6566	51	298
6572	109	659
6575	282	416
6577	136	359
6588	280	404
6594	239	627
6595	76	650
6599	303	96
6619	49	517
6631	298	407
6633	260	284
6640	187	708
6665	306	348
6665	140	364
6671	96	328
6707	235	644
6773	248	290
6783	98	397
6787	276	66
6821	238	359
6821	247	627
6836	300	293
6846	157	505
6893	168	653
6893	102	344
6901	281	457
6911	311	139
6927	289	562
6985	129	307
7024	135	388
7046	317	594
7073	347	537
7076	48	68
7104	10	455
7118	231	61
7143	75	326
7168	277	102
7186	324	333
7193	289	278
7214	274	644
7228	313	673
7242	239	351
7255	254	337
7269	243	418
7276	128	347
7292	263	452
7304	67	568
7306	87	430
7308	309	520
7323	188	483
7382	140	54
7386	240	282
7402	87	335
7420	41	510
7434	43	126
7437	180	509
7446	91	12
7450	298	486
7460	335	550
7484	136	66
7484	148	64
7511	234	603
7518	118	32
7557	90	498
7565	151	9
7578	59	521
7584	105	581
7628	7	291
7637	248	415
7645	236	611
7666	266	399
7692	307	326
7697	117	538
7709	212	527
7709	249	447
7727	249	646
7761	87	408
7761	252	354
7790	333	526
7795	199	723
7810	295	115
7820	302	53
7839	189	411
7855	201	433
7866	108	412
7867	139	501
7874	69	673
7912	41	510
7929	272	240
7953	293	410
7981	248	383
7987	107	308
8006	58	455
8029	311	162
8048	160	360
8048	159	359
8119	107	346
8126	238	359
8148	288	375
8194	308	522
8194	313	558
8217	52	84
8237	117	522
8237	117	522
8244	345	636
8246	166	370
8259	284	90
8262	328	465
8265	345	297
8265	346	423
8279	349	606
8279	129	668
8305	350	714
8329	70	684
8334	199	557
8338	87	335
8380	311	337
8419	117	522
8419	117	522
8466	108	682
8469	270	653
8475	199	470
8477	306	399
8488	120	618
8498	294	315
8521	266	379
8548	290	111
8563	164	352
8604	53	642
8628	244	425
8629	235	434
8640	85	575
8663	314	391
8667	307	376
8683	244	362
8691	276	67
8710	245	323
8750	180	395
8765	74	368
8775	313	146
8788	196	596
8836	205	600
8838	218	448
8847	53	605
8857	302	579
8873	274	265
8916	203	566
8917	177	517
8965	202	294
8983	15	422
8984	130	362
9001	77	430
9015	181	435
9027	131	54
9027	150	53
9028	127	330
9062	313	295
9072	67	568
9075	303	105
9089	139	432
9112	258	402
9112	85	323
9145	96	5
9147	282	416
9164	255	298
9173	283	104
9204	129	491
9229	177	517
9232	293	134
9236	273	102
9237	323	35
9262	263	592
9296	175	336
9299	70	693
9300	268	560
9313	304	263
9329	246	376
9331	177	718
9333	180	327
9350	298	159
9375	109	523
9383	259	22
9385	72	344
9455	200	470
9485	312	102
9487	305	171
9492	135	326
9521	86	345
9523	324	333
9524	244	150
9578	235	644
9584	305	428
9607	241	369
9612	174	695
9617	268	254
9627	141	436
9639	232	438
9664	50	549
9683	97	341
9684	86	345
9695	249	600
9710	313	673
9716	11	19
9733	308	280
9743	253	363
9832	146	716
9852	295	348
9857	236	382
9861	250	435
9867	136	305
9919	294	459
9921	82	423
9942	292	105
9948	348	508
9984	273	463
