3	288	365
6	191	403
24	159	150
53	68	419
89	297	332
164	193	258
184	306	358
213	116	413
226	173	143
233	276	259
256	346	191
256	342	149
276	324	254
287	240	389
309	59	381
319	264	260
326	74	58
328	244	354
343	163	139
346	208	281
382	285	5
405	247	116
415	157	366
460	299	48
462	303	172
489	80	183
493	162	268
494	147	279
495	191	274
505	127	79
506	252	333
521	264	404
542	288	372
563	250	319
588	317	79
601	308	369
617	294	224
632	165	380
637	98	249
679	31	373
693	174	262
700	118	368
716	314	360
730	98	398
734	321	376
735	89	265
741	233	103
757	205	258
762	172	278
776	177	309
790	260	414
835	330	388
844	104	100
880	49	417
921	162	335
933	76	387
948	284	166
956	189	422
982	277	364
997	179	281
1018	58	406
1023	170	131
1032	308	236
1047	306	257
1050	285	337
1075	252	393
1086	41	411
1099	193	258
1103	179	234
1125	273	329
1130	82	101
1158	118	316
1166	165	279
1189	321	43
1234	268	366
1235	93	169
1305	289	219
1323	248	228
1325	64	116
1338	324	161
1365	58	362
1373	65	413
1395	97	369
1434	245	331
1495	158	138
1497	87	361
1510	265	55
1522	219	230
1526	69	326
1526	76	406
1528	108	363
1593	38	402
1596	336	229
1596	334	187
1600	125	127
1601	251	244
1612	25	419
1617	206	75
1654	334	236
1683	154	391
1708	37	156
1724	287	138
1735	340	274
1739	102	381
1754	325	81
1762	245	366
1777	208	281
1803	123	393
1815	18	43
1899	323	409
1929	108	395
1943	86	401
1946	164	107
1946	161	43
2011	43	404
2018	81	75
2018	85	124
2024	85	124
2032	229	255
2034	221	246
2080	52	364
2131	194	158
2141	250	359
2147	257	354
2148	288	365
2168	114	100
2170	268	366
2186	182	259
2196	93	59
2199	349	149
2202	163	139
2202	160	139
2204	103	78
2214	326	363
2218	35	381
2242	251	72
2272	95	76
2290	156	221
2322	276	259
2327	159	150
2330	257	354
2361	170	230
2379	155	163
2399	111	326
2399	291	334
2411	352	156
2423	9	9
2429	342	184
2437	261	358
2469	320	102
2475	277	228
2505	53	377
2506	265	62
2509	165	279
2548	138	67
2560	53	325
2564	312	149
2587	347	383
2591	335	100
2611	260	300
2639	288	226
2640	155	210
2643	259	391
2668	269	272
2668	289	380
2681	164	124
2704	289	251
2718	290	71
2729	192	210
2734	156	132
2749	252	373
2759	51	371
2777	174	262
2786	231	147
2797	198	128
2809	108	345
2820	162	335
2825	86	181
2834	242	213
2851	290	327
2851	290	327
2864	76	282
2884	105	72
2901	102	381
2917	337	199
2939	261	147
2948	242	326
2986	256	230
2993	323	333
2993	170	189
2993	316	240
2993	56	316
2993	295	322
3021	211	158
3043	170	189
3081	97	311
3114	76	203
3181	315	372
3212	33	144
3236	68	248
3239	76	387
3259	140	76
3282	300	42
3295	113	270
3295	108	265
3300	340	316
3305	72	343
3317	182	270
3347	51	384
3352	236	207
3365	346	259
3389	320	358
3394	123	394
3394	282	379
3452	325	113
3455	247	388
3505	75	322
3516	111	375
3530	155	163
3556	117	342
3578	30	100
3583	158	138
3605	237	317
3625	117	350
3627	300	204
3649	93	59
3697	250	381
3756	179	234
3760	165	179
3811	100	340
3824	98	398
3853	184	148
3867	325	353
3869	211	66
3897	189	362
3949	117	350
3954	268	328
3961	153	398
3975	116	265
3983	192	210
3998	18	43
3998	20	66
4009	192	322
4019	34	395
4026	147	95
4096	274	253
4106	191	220
4136	105	72
4142	18	55
4163	300	90
4169	247	116
4265	246	303
4272	306	40
4299	326	363
4299	286	355
4304	306	358
4313	116	392
4317	252	373
4356	299	352
4386	345	152
4386	349	194
4386	350	237
4390	248	276
4411	352	314
4415	249	246
4429	318	125
4443	65	413
4462	199	60
4494	212	150
4498	286	420
4500	209	243
4502	324	181
4519	164	218
4536	261	358
4541	231	366
4575	294	372
4603	244	294
4610	259	53
4619	267	420
4624	144	343
4645	296	381
4702	161	182
4716	38	371
4735	235	328
4739	31	88
4773	320	358
4847	201	275
4849	249	346
4875	101	85
4891	274	248
4892	294	42
4910	83	249
4921	324	181
4924	323	63
4983	295	322
4992	59	381
4994	335	100
5013	214	222
5035	315	372
5042	117	342
5058	251	244
5060	300	255
5088	168	274
5124	137	69
5154	26	55
5191	142	275
5195	35	387
5205	38	402
5271	194	280
5276	160	139
5289	132	370
5306	150	263
5311	41	375
5316	81	295
5358	40	196
5424	155	154
5461	164	277
5466	325	81
5470	250	327
5529	155	154
5534	48	6
5602	165	239
5609	248	418
5610	77	50
5625	311	344
5668	319	354
5684	299	352
5741	331	177
5759	190	348
5780	306	358
5910	108	363
5978	78	336
6006	330	350
6010	230	216
6019	167	154
6028	165	231
6045	76	305
6073	83	213
6121	351	42
6129	294	360
6155	226	212
6160	254	262
6169	341	159
6184	68	419
6203	189	96
6221	346	200
6232	63	362
6242	300	42
6267	351	42
6285	30	100
6297	349	149
6311	78	356
6332	280	280
6355	268	219
6371	102	108
6388	156	240
6391	182	43
6427	244	79
6440	9	9
6448	197	399
6497	331	144
6571	324	254
6572	278	63
6588	73	369
6594	121	107
6595	313	89
6614	107	88
6617	97	369
6634	209	242
6680	51	371
6696	312	149
6707	126	85
6719	340	316
6734	123	318
6734	123	384
6750	252	333
6761	304	52
6789	303	398
6800	114	100
6825	61	354
6826	239	235
6826	112	353
6893	206	75
6930	261	382
7077	288	372
7151	236	327
7214	78	88
7220	73	392
7223	12	277
7243	348	234
7269	118	329
7291	197	399
7293	123	57
7294	316	240
7306	309	334
7308	248	228
7313	202	70
7322	35	418
7323	185	271
7334	325	113
7343	151	157
7361	29	401
7411	209	233
7437	193	242
7475	29	94
7485	77	365
7485	76	406
7536	73	354
7549	93	53
7561	285	5
7580	300	43
7618	324	347
7631	196	379
7657	287	138
7666	88	375
7676	300	204
7689	196	75
7707	49	352
7713	125	330
7723	49	417
7737	75	227
7746	108	265
7761	314	360
7789	127	153
7791	313	417
7795	40	196
7815	55	204
7836	101	418
7887	129	100
7922	180	219
7926	337	372
7953	58	362
7962	78	356
7971	321	369
7999	77	396
8012	133	139
8031	290	71
8039	160	403
8044	333	156
8055	294	61
8096	351	422
8109	103	409
8118	352	156
8172	320	102
8200	147	412
8200	58	421
8223	118	290
8244	83	175
8254	347	226
8303	341	323
8313	201	275
8329	322	52
8343	347	226
8358	70	217
8399	145	301
8412	254	387
8418	216	249
8424	213	274
8527	102	108
8567	77	50
8570	55	204
8593	108	395
8640	303	172
8666	224	256
8706	128	230
8763	140	141
8778	95	88
8788	173	143
8847	339	141
8871	82	386
8879	175	158
8893	260	300
8896	280	164
8963	166	280
9000	340	274
9015	195	328
9026	75	73
9059	278	104
9110	283	213
9112	317	384
9135	103	273
9152	187	353
9162	182	259
9170	110	404
9180	142	418
9202	102	157
9216	242	213
9238	77	396
9262	94	151
9271	346	244
9290	250	359
9294	258	328
9306	268	204
9328	243	417
9332	304	52
9412	286	97
9414	325	201
9449	281	358
9464	89	191
9476	147	412
9525	79	319
9537	338	240
9541	313	62
9545	185	106
9545	228	42
9547	346	191
9578	126	85
9624	270	414
9627	242	326
9633	276	325
9648	194	416
9695	111	140
9710	26	55
9757	301	364
9771	303	341
9777	160	329
9780	57	391
9818	116	413
9837	126	66
9922	277	228
9953	209	233
9965	234	52
9969	91	389
9975	167	154
9984	86	378
