6	22	184
38	315	122
89	79	279
118	68	118
123	69	39
148	29	42
184	58	285
196	176	224
263	35	299
283	37	294
309	41	61
328	62	232
366	69	53
388	334	370
415	53	154
422	43	284
431	70	32
455	178	238
462	217	291
473	99	289
486	25	182
493	137	163
495	133	189
504	321	310
534	49	48
544	161	193
557	74	370
563	91	239
587	52	345
588	297	305
601	49	286
630	288	289
649	137	181
684	87	75
693	145	174
700	52	118
716	56	292
717	313	303
731	73	162
741	280	231
798	131	148
825	76	74
838	132	164
844	287	120
885	242	213
889	181	364
899	197	324
899	235	325
919	20	110
963	20	46
985	300	118
1018	184	195
1047	70	32
1086	14	43
1106	69	39
1130	288	101
1144	19	77
1144	97	82
1153	245	165
1183	27	163
1226	50	99
1299	54	360
1310	7	29
1323	169	241
1338	59	89
1342	122	122
1342	122	119
1365	58	60
1367	234	211
1371	83	331
1377	328	112
1402	311	343
1421	235	309
1448	85	262
1461	39	321
1495	253	166
1522	172	217
1526	91	72
1526	97	82
1528	56	109
1556	52	345
1557	50	99
1571	58	238
1596	201	315
1600	264	137
1601	155	243
1649	62	320
1649	64	321
1653	190	332
1680	180	277
1693	40	185
1733	28	202
1753	315	122
1760	41	49
1767	15	141
1771	302	269
1777	126	204
1781	338	59
1826	313	284
1834	11	188
1838	39	276
1855	111	65
1885	52	118
1892	25	182
1918	180	158
1946	330	192
1946	332	170
1987	54	336
1997	131	90
1998	31	75
2002	155	230
2018	269	103
2099	298	371
2135	199	347
2168	287	128
2170	52	252
2199	197	331
2199	235	332
2202	252	170
2204	305	120
2207	244	58
2214	53	302
2239	70	41
2361	171	172
2380	151	235
2396	311	212
2411	229	334
2429	203	322
2438	241	316
2469	278	307
2479	58	60
2506	314	260
2516	260	62
2568	65	74
2573	97	186
2578	64	102
2596	338	59
2610	44	87
2611	107	249
2614	50	99
2647	169	241
2692	63	335
2704	315	248
2714	148	275
2718	306	281
2718	64	321
2721	67	63
2725	291	50
2744	52	233
2749	46	239
2750	177	320
2797	41	338
2801	102	175
2809	73	110
2851	82	273
2852	29	42
2856	41	345
2928	299	56
2986	169	248
2993	78	300
2996	102	175
2998	139	63
3038	35	299
3048	260	203
3052	97	163
3062	322	34
3107	14	43
3126	190	307
3131	43	184
3181	45	280
3223	107	249
3224	58	237
3234	78	102
3238	99	114
3259	306	152
3261	254	371
3295	145	112
3317	137	181
3347	38	54
3378	210	56
3452	267	312
3455	34	234
3509	23	87
3516	47	111
3523	245	165
3524	330	264
3530	232	162
3533	322	34
3535	86	178
3637	176	224
3660	89	64
3681	97	186
3702	52	252
3756	169	180
3810	236	201
3853	244	188
3869	41	345
3879	197	331
3879	235	332
3927	85	159
3967	119	56
3975	145	120
3993	12	67
4005	280	192
4021	131	75
4021	177	53
4026	290	157
4096	158	161
4131	121	39
4141	170	275
4171	87	75
4272	333	297
4276	131	256
4297	172	135
4299	61	269
4313	39	270
4317	46	239
4356	63	280
4381	154	269
4415	155	242
4428	321	294
4431	72	141
4451	58	60
4484	104	98
4500	159	207
4529	308	102
4545	304	200
4567	184	195
4576	207	180
4592	331	246
4603	112	235
4623	10	266
4649	10	100
4723	180	277
4737	97	125
4740	177	51
4782	19	77
4808	122	52
4815	216	80
4829	49	34
4839	47	44
4847	132	198
4892	330	284
4898	207	180
4902	327	252
4940	147	202
4953	321	276
4978	190	307
4981	169	207
5012	323	329
5058	155	243
5119	11	188
5121	169	207
5122	324	11
5129	40	160
5144	62	342
5193	58	238
5226	53	367
5231	39	270
5234	62	320
5265	58	238
5318	239	89
5428	225	310
5461	131	164
5461	132	164
5499	78	340
5504	227	324
5535	85	262
5548	137	163
5563	153	248
5583	10	234
5593	155	243
5601	197	93
5602	166	167
5607	258	305
5610	329	100
5623	280	171
5623	283	338
5637	37	38
5662	177	53
5668	61	296
5680	89	137
5684	63	280
5695	12	67
5696	91	72
5735	7	38
5741	85	31
5749	17	59
5761	337	212
5761	336	232
5770	10	166
5771	11	156
5777	78	289
5802	137	251
5824	183	76
5843	47	292
5888	106	56
5908	141	213
5909	281	278
5978	82	81
5999	304	208
6006	64	306
6017	185	168
6019	240	173
6058	13	372
6129	57	275
6160	140	245
6169	227	324
6189	35	240
6232	58	66
6268	86	178
6269	82	224
6278	41	189
6285	291	57
6332	124	267
6355	176	259
6371	281	118
6372	328	48
6393	21	157
6413	61	243
6427	5	259
6428	191	260
6462	39	321
6469	16	103
6515	141	254
6572	312	270
6572	302	269
6594	281	135
6595	289	302
6640	7	29
6756	197	324
6759	172	217
6779	217	281
6785	280	326
6785	308	209
6803	86	131
6815	246	57
6837	209	308
6846	156	217
6871	45	280
6894	23	40
6901	110	79
6930	39	247
6970	100	43
7003	85	191
7031	75	118
7043	34	149
7052	79	48
7179	41	189
7297	40	160
7321	71	301
7323	135	183
7331	86	131
7339	336	246
7381	323	329
7411	169	207
7472	262	108
7478	282	153
7664	328	48
7697	187	259
7713	28	122
7715	85	159
7736	99	289
7748	92	259
7761	56	292
7824	209	308
7831	71	301
7839	60	181
7858	260	62
7874	312	311
7881	130	57
7896	8	51
7902	255	56
7912	201	315
7949	310	368
7973	49	298
7996	89	137
7999	240	173
8010	142	49
8012	254	142
8023	10	218
8031	297	281
8031	306	281
8148	17	59
8172	278	307
8194	177	51
8237	169	257
8334	209	174
8418	153	213
8419	169	257
8466	326	272
8483	338	59
8507	62	342
8567	329	100
8613	76	333
8618	155	242
8624	131	256
8628	75	118
8640	217	291
8705	299	139
8708	41	338
8710	28	109
8743	332	207
8847	242	323
8853	105	237
8922	105	237
9001	78	300
9059	276	271
9059	276	271
9102	294	365
9114	153	248
9147	65	74
9149	267	299
9169	40	160
9198	106	50
9221	35	240
9262	245	108
9290	58	238
9292	67	63
9342	50	40
9375	170	266
9393	120	45
9455	122	171
9468	180	212
9537	91	72
9537	203	331
9541	313	303
9584	79	48
9598	235	325
9627	85	232
9726	221	99
9726	231	107
9741	98	199
9782	83	245
9831	225	272
9857	86	128
9919	111	65
9920	67	348
9920	66	349
9958	16	312
