18	153	8
25	55	7
28	245	239
65	140	378
71	276	242
74	273	308
87	165	480
88	316	475
89	102	390
126	314	297
143	154	598
161	224	486
166	187	316
180	305	258
181	151	464
184	97	369
196	159	486
199	304	239
214	305	258
225	310	291
226	204	557
256	53	560
256	52	476
270	83	305
273	140	317
337	347	76
337	342	349
343	213	560
358	298	217
377	310	6
381	317	273
383	314	187
384	252	249
388	231	595
406	293	29
419	213	478
426	188	454
452	321	87
462	89	536
479	132	306
489	283	520
489	280	528
495	189	439
521	133	333
528	42	271
544	188	469
554	322	29
563	140	400
563	314	433
585	138	304
595	107	519
601	96	361
606	293	29
610	292	513
629	80	271
632	209	351
638	190	279
652	75	23
683	243	475
693	204	450
700	248	360
719	247	350
756	93	28
762	41	66
769	272	338
793	214	392
804	322	70
814	189	403
838	212	436
848	325	276
868	53	454
885	170	553
900	105	293
919	252	263
926	310	280
958	19	283
964	295	271
994	287	372
996	317	23
1023	206	568
1031	304	269
1108	143	489
1125	104	317
1127	142	257
1130	278	588
1147	267	46
1153	217	552
1182	304	308
1234	127	362
1235	8	567
1235	7	513
1244	344	459
1246	138	295
1252	159	486
1255	144	311
1258	236	16
1263	291	432
1266	163	602
1296	87	280
1297	187	489
1321	281	276
1323	140	480
1338	273	367
1342	249	425
1353	275	66
1367	171	545
1368	346	249
1373	291	396
1434	144	390
1443	295	207
1458	251	300
1471	282	309
1495	216	561
1497	323	224
1511	143	9
1521	86	355
1522	165	480
1528	255	364
1535	40	391
1551	58	444
1557	263	359
1574	96	562
1595	165	489
1596	62	480
1599	34	90
1600	243	570
1623	314	400
1639	26	280
1647	40	363
1661	47	36
1672	173	365
1677	10	278
1691	283	37
1735	62	439
1752	125	452
1791	284	299
1799	182	572
1809	75	23
1843	45	106
1929	253	341
1946	7	501
1946	211	589
1997	278	432
1998	283	345
1999	139	389
2038	44	178
2044	282	283
2051	287	352
2057	204	450
2061	28	580
2078	180	477
2085	268	16
2087	216	292
2125	252	335
2129	296	85
2143	227	319
2160	324	294
2160	324	414
2168	253	591
2170	127	362
2172	104	496
2173	278	447
2199	44	562
2202	213	560
2217	334	255
2223	331	33
2223	322	229
2234	141	368
2234	139	263
2239	317	376
2261	303	227
2274	316	226
2285	293	326
2313	191	560
2339	352	470
2359	87	309
2373	123	441
2380	146	460
2392	346	125
2401	72	417
2411	43	554
2411	43	510
2422	310	244
2429	55	524
2431	139	389
2447	310	244
2489	321	22
2502	143	447
2505	301	356
2512	123	279
2559	133	393
2564	80	559
2573	109	466
2578	262	372
2585	288	540
2586	314	187
2611	131	417
2634	268	408
2642	272	271
2647	140	480
2656	296	104
2666	94	495
2687	63	305
2692	48	375
2701	72	299
2725	286	73
2733	107	358
2734	218	567
2740	299	395
2769	219	284
2784	312	424
2800	59	293
2801	200	408
2814	72	314
2825	11	382
2831	310	291
2848	218	297
2849	305	12
2851	108	392
2898	305	12
2917	60	554
2946	81	288
2948	146	394
2961	283	498
2971	352	500
2973	44	469
2976	316	18
2986	133	481
2990	281	276
2993	40	391
2998	312	206
3003	178	286
3004	343	184
3013	219	284
3026	96	301
3036	174	109
3047	72	298
3052	211	403
3097	333	311
3097	94	318
3099	221	370
3101	148	297
3112	286	65
3141	317	13
3148	343	364
3172	316	338
3180	123	499
3184	222	405
3184	195	248
3187	315	273
3201	53	550
3201	53	508
3212	316	552
3218	252	318
3224	141	369
3289	293	79
3305	288	382
3317	197	443
3330	253	248
3347	302	351
3392	55	255
3394	117	352
3425	319	96
3439	252	318
3441	90	455
3444	58	260
3452	70	596
3456	138	295
3481	100	26
3481	45	525
3488	218	546
3490	220	426
3502	199	433
3515	177	273
3516	253	355
3530	220	539
3548	353	249
3562	298	346
3568	72	299
3578	317	586
3635	229	273
3656	101	330
3659	256	21
3685	243	475
3693	50	144
3756	201	476
3759	271	463
3760	212	526
3770	299	395
3786	111	13
3810	182	546
3835	50	144
3853	195	554
3862	309	89
3866	132	306
3869	41	353
3870	252	291
3871	314	400
3874	220	426
3879	44	562
3879	45	476
3890	62	439
3895	70	258
3901	251	300
3927	214	392
3931	310	304
3932	260	591
3937	349	93
3942	73	275
3961	172	284
3964	303	201
3968	319	119
3975	255	449
3981	167	310
4004	74	459
4005	192	591
4018	184	285
4024	260	289
4030	353	376
4046	49	353
4053	193	287
4056	291	119
4057	336	388
4079	103	331
4083	143	9
4088	307	401
4139	184	300
4150	205	253
4212	283	30
4213	185	327
4234	62	439
4235	200	514
4239	241	497
4257	80	263
4266	173	340
4276	123	441
4281	344	554
4290	123	499
4293	199	514
4325	353	135
4354	94	318
4356	102	373
4390	140	437
4397	301	356
4415	139	466
4421	45	476
4431	228	377
4437	111	268
4443	306	376
4454	220	471
4500	174	467
4528	44	518
4550	34	90
4566	293	229
4598	304	156
4603	141	420
4608	304	318
4610	295	39
4641	300	383
4660	313	105
4670	114	434
4693	227	538
4728	243	604
4740	45	106
4767	215	579
4791	298	217
4793	311	233
4804	311	233
4819	26	487
4829	322	361
4836	310	132
4853	153	392
4862	318	404
4876	272	257
4911	316	238
4937	276	242
4940	177	455
4971	349	324
4980	334	418
4994	325	276
5011	216	292
5058	96	301
5070	76	283
5109	210	264
5121	174	477
5126	241	340
5128	352	369
5146	335	228
5154	316	552
5191	230	438
5212	64	474
5221	303	227
5226	16	551
5258	14	244
5261	80	271
5265	141	368
5284	185	393
5290	305	27
5320	76	376
5334	202	326
5350	59	22
5375	160	329
5408	109	301
5443	170	374
5461	212	436
5463	336	388
5490	112	384
5492	87	309
5500	136	327
5507	271	463
5508	96	285
5516	140	357
5518	141	278
5519	309	304
5529	218	546
5534	351	512
5559	330	31
5569	59	293
5581	100	26
5584	315	507
5602	212	472
5603	95	277
5607	77	581
5620	352	163
5625	92	380
5668	86	373
5688	116	459
5700	230	499
5705	304	239
5788	352	369
5805	315	327
5834	124	309
5838	9	249
5881	111	13
5882	294	130
5895	70	529
5908	166	449
5978	283	387
6009	307	421
6019	210	548
6034	188	454
6035	90	301
6074	12	291
6082	92	380
6110	270	564
6112	46	197
6129	298	318
6129	107	367
6138	168	461
6148	53	484
6154	310	214
6160	301	128
6162	310	304
6169	53	467
6205	124	427
6262	70	596
6265	283	262
6285	41	96
6286	297	426
6313	59	22
6321	304	318
6331	220	305
6332	114	434
6351	281	71
6355	122	488
6393	211	334
6411	104	604
6421	218	567
6452	44	469
6455	101	289
6458	239	316
6497	62	522
6497	62	565
6499	63	305
6509	39	5
6524	189	403
6525	283	345
6545	37	310
6566	58	260
6588	285	362
6594	247	586
6601	150	269
6610	74	459
6610	101	330
6626	282	132
6627	194	301
6663	282	132
6665	314	308
6665	144	322
6670	189	403
6726	170	327
6733	210	548
6768	283	30
6773	253	248
6803	131	417
6822	38	35
6836	308	251
6840	138	304
6846	163	465
6887	129	547
6901	287	412
6905	261	608
6985	133	267
7019	320	6
7043	218	344
7082	81	288
7097	275	380
7125	296	85
7137	49	227
7186	334	343
7193	296	235
7288	103	331
7291	252	318
7306	92	389
7322	160	496
7323	195	441
7339	13	519
7339	14	487
7339	12	506
7374	270	564
7375	260	256
7386	245	239
7400	155	477
7411	174	477
7445	55	313
7445	57	318
7450	303	440
7488	258	553
7521	303	221
7549	48	266
7578	62	480
7635	299	413
7645	243	570
7652	320	307
7652	274	217
7692	316	285
7728	45	51
7730	103	42
7789	250	543
7790	346	106
7815	116	274
7831	81	383
7839	192	369
7851	278	609
7875	107	519
7896	302	328
7897	296	261
7914	53	537
7914	52	495
7929	279	196
7929	133	8
7936	62	439
7953	299	366
7959	311	258
7973	85	359
7986	80	263
7987	111	268
8001	319	321
8017	84	498
8038	70	473
8071	344	459
8115	49	26
8118	43	554
8144	240	56
8148	295	334
8172	76	604
8189	303	117
8194	316	475
8196	289	90
8226	317	414
8230	81	288
8237	124	482
8251	160	329
8279	10	266
8291	353	249
8299	279	59
8334	208	516
8347	90	301
8351	351	432
8380	321	297
8380	321	296
8400	273	354
8415	303	274
8419	124	482
8460	333	311
8475	205	427
8477	312	358
8517	100	534
8517	100	534
8527	262	584
8614	139	263
8616	101	289
8659	305	27
8663	15	496
8708	253	341
8710	251	281
8712	317	211
8734	69	493
8736	26	264
8755	52	495
8762	127	558
8775	320	104
8788	204	557
8847	55	568
8852	53	537
8864	313	220
8865	315	507
8879	202	544
8886	109	301
8896	110	542
8904	200	408
8914	216	523
8929	352	189
8973	307	226
8984	134	321
9026	15	254
9028	131	290
9042	310	6
9062	322	254
9086	314	252
9103	293	229
9106	106	549
9107	345	580
9114	132	465
9139	170	494
9147	287	372
9149	83	592
9153	66	349
9166	345	152
9167	293	79
9173	291	58
9236	279	59
9256	344	546
9262	270	547
9263	242	391
9268	326	264
9333	184	285
9341	292	6
9342	315	360
9426	25	370
9442	249	391
9444	48	266
9474	62	439
9501	303	274
9537	283	400
9617	274	209
9627	146	394
9650	99	486
9654	337	482
9655	70	558
9658	218	462
9664	53	467
9678	269	318
9680	140	357
9687	191	560
9731	294	279
9737	287	398
9743	260	322
9758	310	132
9771	97	382
9823	87	280
9826	81	383
9851	163	367
9852	304	308
9867	139	264
9868	296	301
9888	213	560
9891	297	67
9910	309	89
9919	299	413
9921	87	383
