3	321	125
24	115	224
40	321	305
52	287	147
75	282	372
78	286	235
88	197	54
89	296	112
89	282	227
140	10	67
140	10	67
144	51	76
187	175	153
193	268	333
215	209	140
226	109	211
287	336	170
294	345	371
296	338	154
309	321	329
314	295	63
333	313	296
339	135	326
363	291	348
366	292	336
388	341	348
415	315	243
425	232	195
445	194	184
473	159	245
494	234	238
495	231	204
496	134	113
498	281	332
542	325	126
563	279	154
569	136	126
572	292	53
588	55	73
603	338	309
619	282	205
626	46	178
633	296	277
643	289	64
648	151	142
649	226	212
682	294	131
693	218	218
695	85	42
700	314	278
717	39	76
722	339	115
732	67	89
773	25	111
840	160	49
844	69	270
858	236	30
899	122	51
910	304	101
933	326	314
997	236	215
1011	306	277
1038	309	253
1106	291	348
1124	173	54
1130	69	290
1186	162	289
1189	20	66
1191	270	233
1217	188	220
1231	317	40
1252	290	277
1270	194	195
1342	57	122
1367	124	177
1395	313	296
1415	185	139
1430	243	65
1435	49	277
1438	39	76
1495	104	225
1524	211	93
1528	308	285
1564	81	283
1583	303	330
1596	159	63
1600	93	253
1620	121	13
1623	265	341
1627	95	39
1652	188	220
1653	171	43
1664	190	11
1672	315	193
1752	223	134
1756	79	375
1771	49	112
1819	239	335
1906	208	220
1915	262	332
1931	25	89
1946	22	196
1946	20	158
1946	21	218
1947	109	103
1979	277	167
1991	75	293
1997	232	300
2025	314	157
2041	331	131
2051	321	320
2068	306	277
2068	314	278
2144	317	200
2168	69	262
2199	123	44
2199	164	45
2204	51	270
2235	56	233
2242	47	137
2250	186	130
2299	224	200
2318	199	65
2330	310	151
2333	48	288
2380	213	155
2407	249	249
2426	197	54
2429	157	55
2429	115	54
2495	335	158
2506	39	123
2574	286	127
2579	227	152
2612	293	118
2634	261	294
2690	47	333
2692	313	53
2704	217	110
2728	61	224
2731	214	55
2738	316	95
2740	271	326
2749	325	158
2761	234	133
2765	289	160
2769	232	329
2780	192	332
2836	336	103
2884	46	268
2913	26	157
2930	59	333
2948	284	161
2958	205	53
2975	282	227
2992	104	332
3031	74	65
3032	310	151
3036	121	81
3058	114	10
3067	243	65
3106	69	22
3123	352	283
3126	173	246
3133	92	219
3151	336	75
3181	327	102
3184	110	330
3201	131	53
3212	47	333
3236	154	263
3239	326	314
3251	280	118
3259	49	238
3272	153	72
3305	286	317
3309	57	258
3317	226	212
3322	95	39
3323	288	78
3347	323	336
3376	123	44
3407	63	147
3407	177	83
3409	256	153
3435	323	291
3447	199	46
3455	336	164
3465	142	91
3465	143	91
3468	173	246
3474	216	201
3487	185	109
3509	101	23
3516	319	283
3524	20	117
3530	126	229
3556	314	46
3557	224	124
3578	67	332
3588	201	287
3601	11	93
3625	296	277
3625	324	46
3629	259	252
3650	223	230
3678	59	277
3686	89	288
3688	12	112
3698	59	97
3707	181	248
3729	124	231
3745	171	62
3756	193	212
3760	141	220
3767	325	108
3770	271	326
3773	296	101
3810	122	188
3821	333	120
3836	199	46
3853	114	202
3865	304	304
3869	335	48
3879	164	45
3882	33	252
3890	243	65
3919	291	172
3931	314	157
3945	159	245
3949	324	46
3967	243	331
3975	219	271
4021	231	314
4026	64	233
4075	309	69
4088	262	332
4136	46	268
4142	30	340
4153	170	127
4154	169	27
4194	128	258
4218	56	233
4233	309	69
4234	284	112
4257	335	158
4299	312	125
4314	61	224
4317	325	158
4356	310	113
4358	261	143
4390	237	150
4400	264	279
4427	140	183
4428	33	88
4428	32	87
4447	213	45
4450	157	45
4451	303	330
4462	334	246
4487	179	224
4556	61	224
4664	336	126
4719	286	292
4735	196	234
4782	330	317
4829	311	354
4849	303	157
4864	299	137
4876	275	282
4882	198	53
4892	21	96
4898	84	295
4902	24	131
4922	80	306
4928	117	176
4956	37	95
4963	178	251
4969	265	341
4992	270	233
4992	270	233
5034	292	284
5060	283	181
5088	229	225
5125	313	158
5130	327	238
5197	129	199
5265	314	157
5271	238	202
5296	29	152
5346	217	211
5364	341	92
5370	32	151
5403	352	228
5466	56	65
5470	285	154
5514	76	218
5519	242	222
5527	321	91
5538	105	326
5561	292	336
5591	321	113
5607	99	73
5610	26	290
5625	304	101
5648	319	163
5677	286	235
5680	49	169
5709	298	44
5744	170	198
5752	274	191
5760	351	299
5772	282	205
5821	328	31
5822	50	187
5823	133	278
5826	278	275
5880	264	155
5963	254	86
5975	231	314
5978	281	311
6002	348	349
6010	282	76
6011	325	126
6031	336	126
6069	162	289
6075	194	195
6110	94	283
6129	316	119
6175	213	45
6232	303	325
6258	309	163
6274	110	366
6286	236	319
6294	294	234
6297	123	44
6314	331	53
6321	281	332
6332	243	121
6339	331	363
6355	193	130
6357	283	172
6392	130	42
6393	343	238
6416	209	84
6454	147	288
6454	289	64
6486	243	65
6494	280	263
6497	117	62
6524	60	184
6525	330	317
6558	70	37
6571	218	218
6572	49	112
6588	311	317
6594	75	256
6595	64	77
6609	219	240
6610	337	305
6619	164	52
6619	122	51
6681	288	78
6696	121	81
6719	323	336
6744	348	349
6750	291	153
6756	341	92
6785	76	51
6800	69	262
6820	25	260
6825	295	327
6846	207	174
6866	54	28
6880	321	125
6893	67	332
6899	29	152
6901	253	311
6953	184	180
6953	184	180
6970	261	344
6979	234	133
6997	334	246
7045	327	238
7097	290	305
7205	327	209
7212	33	26
7214	59	292
7239	314	294
7269	196	164
7316	94	283
7334	89	66
7341	301	236
7346	351	327
7381	29	46
7405	208	51
7437	203	199
7446	346	177
7455	116	45
7463	232	229
7478	74	237
7488	109	270
7493	152	41
7514	46	178
7547	287	106
7564	314	294
7608	187	99
7645	93	253
7648	198	156
7658	87	340
7726	144	53
7742	259	252
7758	221	67
7760	194	184
7784	338	309
7791	191	23
7800	164	117
7814	312	125
7826	136	126
7918	289	160
7922	178	210
7953	303	330
7988	125	49
7994	50	179
8002	263	220
8022	76	31
8025	133	278
8031	47	100
8031	55	99
8040	288	138
8085	210	63
8169	210	309
8219	172	74
8238	341	294
8247	175	256
8258	79	375
8323	326	278
8331	316	95
8360	338	98
8386	80	306
8466	25	111
8517	317	213
8542	236	30
8550	232	329
8569	243	357
8570	224	78
8589	61	224
8626	153	72
8640	142	91
8655	81	86
8700	308	216
8701	26	157
8708	50	179
8736	140	11
8745	168	271
8763	106	241
8781	84	270
8788	109	211
8793	239	189
8871	203	185
8879	123	210
8889	346	278
8905	172	291
8980	342	199
8990	152	41
9037	49	169
9059	77	112
9059	88	90
9092	320	145
9135	232	279
9149	88	80
9149	88	80
9172	150	146
9213	299	282
9221	335	158
9223	299	137
9229	256	153
9240	96	187
9262	113	283
9272	338	154
9298	170	232
9342	310	348
9372	283	28
9402	263	220
9412	71	105
9438	169	297
9463	337	192
9482	195	140
9512	283	181
9518	85	140
9584	282	340
9639	329	331
9650	334	273
9664	157	55
9710	29	332
9722	284	112
9753	27	249
9769	161	297
9787	80	160
9801	280	263
9817	204	99
9825	341	294
9857	311	85
9861	311	85
9896	112	248
9921	303	95
9922	194	121
9928	335	48
9930	191	104
9937	136	109
9990	330	97
