26	263	58
47	116	39
57	225	334
73	284	214
75	323	678
76	222	647
104	237	61
111	84	94
111	87	393
117	327	43
118	113	287
140	287	17
140	86	210
168	185	214
181	212	204
204	235	166
245	301	156
256	304	117
259	300	33
261	143	130
290	276	363
328	219	398
332	243	200
334	246	343
338	303	186
388	129	72
394	116	320
424	228	393
433	37	37
433	56	249
440	168	227
451	97	124
475	90	306
485	87	393
525	88	418
532	329	151
536	133	209
558	105	648
588	281	57
592	119	255
600	88	135
605	84	592
611	91	118
629	284	392
630	265	68
652	290	631
706	218	208
741	208	77
744	111	405
761	167	116
774	222	647
785	242	69
809	323	545
844	100	75
863	203	209
882	120	480
883	198	75
885	192	119
886	286	27
886	102	222
917	209	290
949	209	290
951	47	173
964	260	337
994	78	297
998	101	580
1030	124	178
1032	65	254
1035	204	182
1045	92	323
1045	176	214
1056	65	364
1064	190	61
1103	163	193
1115	277	384
1130	81	74
1135	275	285
1145	318	422
1161	243	200
1166	152	234
1187	178	117
1189	110	651
1189	111	651
1200	276	306
1241	205	120
1244	220	57
1246	224	370
1255	218	354
1264	263	385
1266	199	73
1285	227	275
1319	84	573
1323	222	187
1336	229	422
1342	238	60
1358	160	308
1365	185	55
1378	128	300
1401	74	236
1426	159	181
1460	269	615
1469	149	77
1472	203	209
1491	238	176
1491	189	267
1523	238	176
1524	57	286
1525	189	47
1539	87	455
1562	113	287
1564	174	230
1577	287	161
1596	295	113
1596	296	188
1596	295	151
1601	226	202
1603	115	325
1612	57	239
1620	212	363
1630	281	397
1649	34	76
1658	67	385
1664	71	650
1664	71	650
1670	215	53
1670	215	53
1678	302	74
1690	320	375
1695	79	65
1713	51	326
1715	98	558
1738	193	417
1762	217	305
1780	311	630
1789	204	110
1793	352	677
1821	83	579
1826	224	181
1863	312	295
1868	200	204
1868	200	204
1899	313	510
1902	241	37
1905	105	111
1946	169	29
1951	240	385
1995	104	426
1995	333	296
2005	86	304
2013	43	49
2035	284	340
2068	105	357
2068	115	306
2077	158	114
2089	171	421
2147	226	296
2159	117	354
2168	108	75
2170	240	385
2186	178	193
2194	289	333
2206	227	31
2207	325	562
2207	326	563
2208	171	421
2214	281	302
2275	85	405
2283	252	370
2289	86	565
2294	143	169
2337	220	407
2344	129	81
2363	143	368
2382	256	390
2399	108	279
2421	348	19
2469	290	74
2472	76	399
2506	236	43
2509	152	234
2514	135	177
2525	80	288
2537	239	280
2589	264	330
2633	285	400
2672	207	333
2678	318	276
2705	222	647
2717	124	116
2734	141	104
2738	275	313
2749	222	310
2754	77	562
2768	256	185
2771	225	235
2814	311	318
2829	243	200
2864	52	245
2884	102	52
2900	222	321
2908	110	335
2917	298	199
2925	290	465
2952	249	296
3006	117	345
3020	95	365
3057	271	181
3078	317	484
3091	82	381
3101	215	191
3127	288	46
3147	248	235
3200	311	408
3201	304	202
3207	228	188
3277	128	162
3291	80	33
3309	111	62
3325	158	342
3343	257	50
3358	86	446
3362	204	294
3407	19	86
3407	215	67
3415	253	289
3425	305	148
3452	288	85
3452	155	246
3456	224	370
3465	288	133
3476	275	677
3477	345	419
3481	311	110
3497	304	117
3509	73	181
3516	110	313
3524	240	28
3525	55	346
3612	155	185
3625	250	316
3661	229	206
3682	94	578
3704	106	272
3718	52	245
3718	84	442
3734	119	57
3748	256	53
3769	330	580
3769	322	437
3781	90	225
3798	308	163
3815	223	349
3816	85	371
3829	320	475
3906	69	279
3943	213	174
3946	43	49
3949	250	316
3983	34	76
3997	256	204
4005	340	23
4014	273	139
4036	116	637
4045	344	42
4068	222	321
4077	239	357
4089	306	155
4090	235	406
4136	102	52
4147	67	385
4150	174	333
4180	127	178
4207	230	399
4209	134	107
4222	254	348
4233	262	652
4238	234	220
4240	73	365
4282	331	6
4286	142	249
4299	249	296
4306	273	203
4315	256	314
4415	224	203
4433	112	605
4500	190	201
4513	22	107
4528	288	85
4535	311	280
4575	275	295
4582	36	118
4598	302	283
4607	271	35
4610	54	297
4610	84	442
4622	84	592
4633	288	258
4644	82	381
4644	149	420
4663	105	357
4668	248	244
4690	284	340
4703	208	379
4717	305	194
4719	100	284
4726	220	269
4727	259	568
4773	112	388
4788	193	417
4802	250	87
4811	292	135
4832	143	130
4849	220	290
4859	269	278
4862	47	266
4888	175	528
4892	259	28
4902	227	31
4905	221	299
4910	68	268
4911	219	366
4928	81	24
4938	191	327
4944	301	156
4962	174	333
4980	317	484
4994	311	613
5008	117	88
5031	224	348
5053	327	494
5098	42	136
5106	271	308
5122	155	270
5125	45	197
5130	184	367
5171	157	405
5173	228	188
5185	183	229
5186	179	381
5214	93	336
5265	221	299
5267	207	76
5310	269	632
5341	150	109
5348	61	217
5349	268	163
5350	305	631
5367	293	285
5368	214	113
5389	141	338
5398	85	586
5438	119	426
5454	189	235
5487	222	310
5502	263	385
5504	303	126
5573	101	311
5602	151	196
5642	104	387
5642	118	383
5703	209	364
5717	346	158
5772	320	315
5782	193	177
5786	84	573
5787	158	209
5788	60	294
5843	271	308
5867	72	378
5889	83	579
5897	43	100
5898	61	114
5910	111	405
5933	112	395
5951	50	60
5969	250	306
5978	82	282
5985	312	391
5990	189	267
6001	60	352
6005	337	10
6020	277	645
6042	252	396
6085	321	390
6094	339	346
6096	222	310
6097	100	296
6104	211	319
6110	91	104
6126	302	185
6133	218	278
6168	204	201
6169	303	126
6176	86	107
6183	89	315
6236	338	192
6236	338	192
6264	305	148
6283	311	613
6283	56	238
6303	346	195
6311	252	396
6313	305	631
6315	80	309
6323	111	173
6338	159	241
6340	149	420
6351	229	422
6377	240	516
6399	34	76
6448	111	405
6448	265	295
6449	269	87
6455	260	303
6467	165	379
6473	185	55
6511	102	572
6595	278	66
6616	327	494
6627	153	377
6664	110	323
6672	189	235
6706	311	408
6709	135	353
6728	286	150
6757	288	258
6759	198	187
6769	282	640
6770	165	264
6783	270	299
6820	253	384
6882	91	104
6891	116	320
6926	220	407
6926	220	407
6934	111	173
6966	155	185
7000	197	364
7010	270	650
7018	63	46
7037	62	232
7045	149	317
7065	349	402
7082	100	326
7089	312	391
7092	104	128
7101	77	271
7104	201	28
7105	107	303
7111	260	303
7157	287	57
7198	282	639
7210	290	631
7229	284	346
7246	80	363
7257	277	43
7258	85	586
7290	313	510
7321	190	61
7331	92	323
7341	19	84
7373	184	380
7375	106	411
7393	225	379
7400	128	236
7402	224	348
7420	296	228
7420	313	124
7436	249	283
7443	238	188
7447	306	120
7497	311	318
7504	223	139
7509	78	411
7522	226	202
7523	207	317
7553	300	33
7580	51	303
7593	76	189
7595	87	194
7602	63	367
7603	163	246
7671	83	606
7673	45	156
7710	262	652
7731	104	128
7746	128	236
7746	128	236
7770	250	87
7777	73	358
7786	111	354
7811	214	339
7827	71	160
7850	78	411
7853	50	234
7857	227	220
7926	288	133
7927	135	353
7935	239	75
7983	201	175
7988	221	299
8071	332	322
8071	337	328
8079	158	219
8116	175	389
8116	174	389
8173	330	580
8192	60	336
8292	77	257
8293	186	618
8319	144	122
8330	239	357
8351	149	81
8384	52	259
8469	83	55
8497	171	421
8504	95	355
8507	114	294
8508	240	516
8537	284	650
8554	96	87
8573	189	304
8607	85	371
8636	228	188
8637	179	396
8655	86	147
8655	268	25
8657	164	450
8679	105	648
8686	101	84
8705	119	62
8729	184	367
8763	130	111
8774	81	326
8782	265	68
8791	94	656
8796	223	349
8819	112	377
8843	104	529
8846	161	396
8854	34	74
8854	175	341
8870	163	193
8882	247	377
8938	104	172
8981	152	281
9019	130	102
9032	325	455
9035	324	574
9035	317	432
9039	304	163
9052	253	379
9059	247	78
9078	313	200
9120	155	270
9123	290	384
9123	240	424
9132	129	358
9145	129	331
9162	207	317
9169	184	367
9191	274	400
9269	302	185
9270	301	156
9290	221	299
9294	227	275
9320	305	194
9327	126	226
9342	50	312
9347	183	101
9351	305	137
9405	173	168
9407	269	632
9416	95	365
9458	43	42
9474	130	637
9490	271	106
9506	306	288
9525	330	580
9557	129	358
9583	86	565
9587	63	374
9627	215	274
9637	249	283
9648	175	341
9707	79	65
9722	218	344
9757	271	317
9773	299	49
9806	224	348
9822	265	295
9824	304	117
9888	150	109
9894	116	39
9922	247	185
9939	60	234
9944	90	306
9953	189	191
9968	122	332
9973	53	271
9982	198	187
